,s,e,n
0,3050,8156,5106
1,1200,5049,3849
2,7088,7651,563
3,7292,7599,307
4,3686,5264,1578
5,3815,6729,2914
6,4830,8093,3263
7,558,6528,5970
8,3053,6566,3513
9,527,5184,4657
10,2882,5837,2955
11,7858,8402,544
12,3907,4112,205
13,7138,8030,892
14,7140,8282,1142
15,436,3072,2636
16,5699,8017,2318
17,2346,3023,677
18,1887,6495,4608
19,2866,5446,2580
20,1686,6872,5186
21,8116,8199,83
22,2002,5247,3245
23,6828,7319,491
24,2632,5246,2614
25,1304,7439,6135
26,3551,8287,4736
27,5256,5463,207
28,4656,5071,415
29,4084,5674,1590
30,5208,7415,2207
31,6846,7903,1057
32,1320,8336,7016
33,4962,5000,38
34,7386,7428,42
35,2871,6058,3187
36,657,4711,4054
37,5828,7023,1195
38,6761,7956,1195
39,1183,6388,5205
40,7346,8127,781
41,681,6146,5465
42,6530,6681,151
43,6907,6934,27
44,6726,7416,690
45,2071,4027,1956
46,5287,5835,548
47,2111,7893,5782
48,1658,7572,5914
49,939,1903,964
50,3140,7387,4247
51,7560,7936,376
52,7374,8160,786
53,1312,5817,4505
54,3853,5235,1382
55,7837,8002,165
56,42,5461,5419
57,3417,4620,1203
58,380,4563,4183
59,4320,6074,1754
60,454,1557,1103
61,6240,8064,1824
62,4620,5646,1026
63,7139,7245,106
64,8299,8326,27
65,6665,8045,1380
66,1055,6029,4974
67,8125,8185,60
68,8302,8377,75
69,1471,6782,5311
70,7861,8036,175
71,994,8389,7395
72,4410,7195,2785
73,3347,6747,3400
74,5043,8060,3017
75,2633,2886,253
76,7211,8323,1112
77,4627,5125,498
78,541,4227,3686
79,1693,3671,1978
80,782,7395,6613
81,7106,8297,1191
82,7074,8240,1166
83,791,4728,3937
84,8419,8425,6
85,4828,5305,477
86,8354,8392,38
87,6455,8362,1907
88,3757,5687,1930
89,5195,7016,1821
90,6254,7216,962
91,5771,6092,321
92,869,6957,6088
93,7778,7962,184
94,1243,6866,5623
95,5028,6304,1276
96,6104,6581,477
97,7116,7511,395
98,3555,7673,4118
99,4856,5468,612
100,1180,2834,1654
101,90,1666,1576
102,2427,6442,4015
103,6463,7482,1019
104,7324,8215,891
105,4657,4780,123
106,4272,6442,2170
107,3258,4624,1366
108,7032,7881,849
109,8259,8261,2
110,4829,7710,2881
111,661,4569,3908
112,387,453,66
113,7858,7957,99
114,7180,7241,61
115,6744,8131,1387
116,3208,5169,1961
117,563,5783,5220
118,378,441,63
119,6438,6536,98
120,2332,4382,2050
121,8358,8423,65
122,1206,2579,1373
123,715,5991,5276
124,3690,4361,671
125,5923,7154,1231
126,1729,3386,1657
127,162,4101,3939
128,3058,3300,242
129,536,7293,6757
130,2845,2892,47
131,4975,7542,2567
132,4106,6958,2852
133,635,989,354
134,4993,7314,2321
135,5063,7378,2315
136,5639,7606,1967
137,205,8356,8151
138,2661,4217,1556
139,2182,2982,800
140,6837,8388,1551
141,3193,6531,3338
142,3429,4659,1230
143,4194,5437,1243
144,8313,8331,18
145,3148,3949,801
146,7964,8172,208
147,5988,6227,239
148,1208,1525,317
149,5574,7262,1688
150,2085,6328,4243
151,836,3536,2700
152,6008,6399,391
153,413,3713,3300
154,4269,7972,3703
155,6304,7661,1357
156,5815,6562,747
157,3681,4993,1312
158,5638,6787,1149
159,4734,7066,2332
160,1321,1356,35
161,7448,7630,182
162,7620,7725,105
163,5388,6941,1553
164,1075,3679,2604
165,5770,7567,1797
166,3487,7242,3755
167,7295,7316,21
168,4140,4243,103
169,7760,8379,619
170,2280,2342,62
171,374,3657,3283
172,6717,7095,378
173,3567,7797,4230
174,476,2567,2091
175,6748,8079,1331
176,4674,7425,2751
177,2760,7467,4707
178,6267,6808,541
179,6427,6696,269
180,3161,4657,1496
181,4517,4868,351
182,2997,4613,1616
183,533,5233,4700
184,436,4372,3936
185,4882,5698,816
186,1157,7649,6492
187,3072,7038,3966
188,5265,7368,2103
189,184,7931,7747
190,477,2162,1685
191,6844,8110,1266
192,2784,6967,4183
193,7573,7580,7
194,2925,7677,4752
195,6436,7044,608
196,4892,8090,3198
197,7970,8102,132
198,7971,8346,375
199,2723,5054,2331
200,337,6382,6045
201,5301,6312,1011
202,5697,6503,806
203,377,6429,6052
204,2333,5238,2905
205,394,6680,6286
206,7457,7489,32
207,5100,5909,809
208,1573,7288,5715
209,1505,4302,2797
210,3515,7543,4028
211,3063,3878,815
212,193,5868,5675
213,5308,5662,354
214,574,2612,2038
215,296,379,83
216,5148,5981,833
217,2404,7464,5060
218,4880,7078,2198
219,1680,7143,5463
220,8221,8369,148
221,6127,6735,608
222,3499,4168,669
223,3967,4014,47
224,1867,2984,1117
225,449,7227,6778
226,4264,5152,888
227,3453,7668,4215
228,5700,7191,1491
229,5267,5872,605
230,4317,5850,1533
231,6469,8254,1785
232,3352,6206,2854
233,1621,1720,99
234,4776,6688,1912
235,4779,6433,1654
236,3259,7649,4390
237,3497,5487,1990
238,7120,8042,922
239,863,6696,5833
240,850,2307,1457
241,729,7181,6452
242,6055,6757,702
243,3934,5670,1736
244,5172,5881,709
245,105,2885,2780
246,6498,8262,1764
247,3190,4368,1178
248,1916,7477,5561
249,4141,7066,2925
250,8304,8360,56
251,1647,5320,3673
252,4371,6585,2214
253,5871,7959,2088
254,7914,8097,183
255,691,4678,3987
256,4749,7638,2889
257,6027,7002,975
258,1669,6261,4592
259,3658,8170,4512
260,1528,6320,4792
261,4460,7612,3152
262,4750,5293,543
263,976,2097,1121
264,1198,6395,5197
265,1756,6625,4869
266,2595,3558,963
267,608,7608,7000
268,1649,5520,3871
269,5614,5724,110
270,1915,2003,88
271,933,3348,2415
272,1614,5682,4068
273,7304,7856,552
274,7494,8106,612
275,1976,7607,5631
276,1934,6965,5031
277,4284,4724,440
278,4629,6137,1508
279,8135,8233,98
280,4970,5104,134
281,513,1364,851
282,5835,7172,1337
283,7276,8023,747
284,213,1578,1365
285,2529,3556,1027
286,5914,8236,2322
287,195,702,507
288,6524,6547,23
289,6124,8185,2061
290,3116,3697,581
291,2062,7780,5718
292,4984,7897,2913
293,2803,6584,3781
294,2921,3844,923
295,1563,3389,1826
296,4755,8155,3400
297,4181,6519,2338
298,8124,8236,112
299,4740,6444,1704
300,2410,5356,2946
301,4254,7828,3574
302,7885,8235,350
303,5740,6052,312
304,4121,7739,3618
305,917,5887,4970
306,5578,6759,1181
307,5962,7787,1825
308,1372,2011,639
309,3761,7310,3549
310,702,2567,1865
311,3073,5845,2772
312,7977,8081,104
313,3707,7905,4198
314,1954,4024,2070
315,7830,8394,564
316,3975,5128,1153
317,1659,6186,4527
318,6309,8402,2093
319,715,7682,6967
320,6612,7933,1321
321,551,2671,2120
322,4062,6727,2665
323,7996,8161,165
324,658,3044,2386
325,4508,6888,2380
326,1994,6892,4898
327,7613,7929,316
328,2327,2515,188
329,1191,2213,1022
330,3871,7282,3411
331,4716,6215,1499
332,7539,8005,466
333,8413,8423,10
334,3656,4597,941
335,3976,7907,3931
336,8002,8234,232
337,667,3895,3228
338,8379,8413,34
339,5298,8197,2899
340,2762,3679,917
341,2879,2979,100
342,4316,6881,2565
343,4345,6280,1935
344,6520,6861,341
345,483,4767,4284
346,2138,2614,476
347,7338,7675,337
348,5151,8266,3115
349,5518,6912,1394
350,1627,7801,6174
351,983,4939,3956
352,3134,6672,3538
353,6488,7935,1447
354,7467,8252,785
355,6347,8046,1699
356,300,4578,4278
357,3281,6581,3300
358,5804,8142,2338
359,4818,4885,67
360,3630,6339,2709
361,7870,8190,320
362,2463,3461,998
363,6761,7558,797
364,6271,7185,914
365,1933,2660,727
366,480,2059,1579
367,1859,6131,4272
368,78,4855,4777
369,1754,4624,2870
370,2182,6829,4647
371,754,2464,1710
372,4172,6229,2057
373,6188,7212,1024
374,6436,7194,758
375,6682,7103,421
376,8361,8418,57
377,5725,7185,1460
378,6851,8273,1422
379,517,1466,949
380,4991,7062,2071
381,4187,6466,2279
382,7538,8037,499
383,6225,7612,1387
384,416,5233,4817
385,3297,8091,4794
386,6573,8264,1691
387,5800,7698,1898
388,4351,7806,3455
389,2934,5972,3038
390,3829,6056,2227
391,1663,2520,857
392,8058,8207,149
393,2764,3396,632
394,3794,7767,3973
395,2658,5770,3112
396,4274,7162,2888
397,520,1965,1445
398,2086,8391,6305
399,2020,2983,963
400,6929,7045,116
401,6456,7197,741
402,3498,5541,2043
403,4761,7192,2431
404,2610,7823,5213
405,5524,6140,616
406,8071,8256,185
407,7691,7731,40
408,7735,7996,261
409,6661,7525,864
410,351,4329,3978
411,4815,4823,8
412,6264,8274,2010
413,7813,7938,125
414,986,5013,4027
415,3123,6764,3641
416,5503,7823,2320
417,6107,7682,1575
418,5535,7867,2332
419,2440,6252,3812
420,6331,7623,1292
421,6333,8309,1976
422,6578,7504,926
423,2211,8399,6188
424,5296,5978,682
425,716,8122,7406
426,5307,8170,2863
427,7335,7665,330
428,57,5832,5775
429,4130,4814,684
430,4567,6629,2062
431,2806,6955,4149
432,3147,5427,2280
433,3150,5545,2395
434,1626,4214,2588
435,3192,6378,3186
436,2067,2654,587
437,4228,6509,2281
438,16,3981,3965
439,1274,3809,2535
440,851,7719,6868
441,4677,6811,2134
442,1634,6577,4943
443,5909,7500,1591
444,993,8342,7349
445,8074,8289,215
446,2959,4151,1192
447,3387,4031,644
448,3238,5875,2637
449,6328,7992,1664
450,453,1842,1389
451,7831,8245,414
452,5473,7910,2437
453,3403,3861,458
454,3904,5418,1514
455,1251,2482,1231
456,110,8220,8110
457,2109,4153,2044
458,2285,7142,4857
459,946,3902,2956
460,8290,8299,9
461,1355,1702,347
462,7771,8034,263
463,8170,8406,236
464,4754,6769,2015
465,86,6769,6683
466,15,6371,6356
467,6137,7961,1824
468,1079,5118,4039
469,5943,6842,899
470,5875,6339,464
471,4136,7879,3743
472,5259,6192,933
473,4866,8157,3291
474,5893,6433,540
475,7719,8061,342
476,6084,6901,817
477,4635,6854,2219
478,1112,5250,4138
479,5893,7227,1334
480,1845,7727,5882
481,2234,4712,2478
482,6708,7784,1076
483,5669,8392,2723
484,2830,6806,3976
485,7699,8116,417
486,1024,3417,2393
487,5768,5777,9
488,6059,7771,1712
489,4597,7676,3079
490,2346,6674,4328
491,4278,5389,1111
492,3464,5128,1664
493,6299,7188,889
494,7400,8314,914
495,6284,6823,539
496,4323,8411,4088
497,2011,7986,5975
498,3438,6163,2725
499,3751,7848,4097
500,2655,5922,3267
501,2246,4630,2384
502,253,2386,2133
503,3935,7291,3356
504,5547,8319,2772
505,6863,8263,1400
506,1547,8257,6710
507,3105,6296,3191
508,3166,5178,2012
509,5779,7330,1551
510,3443,4451,1008
511,4697,5373,676
512,912,1253,341
513,1700,3426,1726
514,3915,4568,653
515,5886,7086,1200
516,2055,5040,2985
517,2672,5388,2716
518,8126,8333,207
519,130,7049,6919
520,3010,7269,4259
521,2174,6683,4509
522,2707,3349,642
523,3682,3954,272
524,2805,4888,2083
525,7662,7862,200
526,6563,8387,1824
527,1718,3075,1357
528,1511,7536,6025
529,1752,4541,2789
530,4125,8010,3885
531,4946,5466,520
532,2621,6373,3752
533,3310,3863,553
534,5818,7214,1396
535,2639,7385,4746
536,4869,5066,197
537,4993,7304,2311
538,4415,4987,572
539,1973,6958,4985
540,3749,5682,1933
541,4216,8363,4147
542,1549,7888,6339
543,3818,7086,3268
544,615,3619,3004
545,4639,6798,2159
546,2686,6030,3344
547,4628,5966,1338
548,5675,6392,717
549,6333,6494,161
550,7126,7738,612
551,2297,4191,1894
552,280,3261,2981
553,4732,5062,330
554,2093,6664,4571
555,3266,7934,4668
556,6141,8149,2008
557,5922,6031,109
558,3557,4036,479
559,1020,1684,664
560,8171,8235,64
561,8310,8326,16
562,2965,3381,416
563,2238,5105,2867
564,918,5483,4565
565,6258,7023,765
566,7639,8198,559
567,303,3398,3095
568,2724,5657,2933
569,3315,7471,4156
570,1909,6661,4752
571,4953,6717,1764
572,4428,4755,327
573,1029,4333,3304
574,2928,7654,4726
575,1581,5533,3952
576,5560,7315,1755
577,5296,6577,1281
578,5380,6538,1158
579,4916,6800,1884
580,271,1270,999
581,2336,7963,5627
582,6344,7689,1345
583,7837,7977,140
584,4542,7689,3147
585,5955,6838,883
586,7505,8324,819
587,7016,7324,308
588,5017,7959,2942
589,4818,5090,272
590,1811,5299,3488
591,4228,7443,3215
592,1889,4923,3034
593,621,6570,5949
594,2963,8205,5242
595,3254,4944,1690
596,6864,7277,413
597,2019,3921,1902
598,3737,5712,1975
599,6818,7242,424
600,8219,8237,18
601,7591,8101,510
602,1272,7075,5803
603,2589,3271,682
604,5970,6487,517
605,4558,8199,3641
606,5368,6346,978
607,2032,7071,5039
608,5674,6812,1138
609,1889,6971,5082
610,41,3523,3482
611,6896,7738,842
612,1353,4017,2664
613,2660,3658,998
614,2430,4391,1961
615,6450,7879,1429
616,4154,7961,3807
617,8137,8384,247
618,6425,7503,1078
619,250,2743,2493
620,5739,7084,1345
621,7232,8372,1140
622,1886,8332,6446
623,4879,5627,748
624,852,4177,3325
625,1933,5337,3404
626,6442,7894,1452
627,613,984,371
628,1016,2983,1967
629,4987,6290,1303
630,5573,8016,2443
631,4464,7246,2782
632,7019,7122,103
633,7632,8120,488
634,2551,8387,5836
635,3668,7342,3674
636,2977,4441,1464
637,8348,8397,49
638,7784,7788,4
639,5191,5573,382
640,8129,8338,209
641,405,3938,3533
642,1670,3770,2100
643,855,3554,2699
644,3242,3383,141
645,4221,8267,4046
646,5551,5890,339
647,2780,5032,2252
648,3738,5009,1271
649,5607,7838,2231
650,6827,7396,569
651,5297,7995,2698
652,1389,2466,1077
653,1239,6741,5502
654,2437,4029,1592
655,5749,6806,1057
656,8384,8408,24
657,430,6179,5749
658,7602,7646,44
659,6783,7395,612
660,4827,7797,2970
661,498,8060,7562
662,8297,8307,10
663,5630,7316,1686
664,285,4890,4605
665,8363,8399,36
666,818,5424,4606
667,5002,5020,18
668,7941,8270,329
669,5863,7462,1599
670,5986,7207,1221
671,788,2514,1726
672,7917,8391,474
673,5614,6232,618
674,4312,6547,2235
675,1568,7680,6112
676,1540,5324,3784
677,1621,4173,2552
678,4941,6835,1894
679,6104,6341,237
680,4531,4897,366
681,62,1701,1639
682,2850,8216,5366
683,5633,8303,2670
684,4950,6579,1629
685,4015,5265,1250
686,6980,7588,608
687,7687,8025,338
688,2344,2897,553
689,1790,5047,3257
690,1879,2616,737
691,927,1879,952
692,6508,7156,648
693,3674,8247,4573
694,4736,6747,2011
695,6351,7099,748
696,5155,6211,1056
697,8214,8337,123
698,6150,6472,322
699,8029,8139,110
700,8421,8428,7
701,4779,5197,418
702,5076,6550,1474
703,8075,8274,199
704,7194,7636,442
705,8291,8318,27
706,7771,8001,230
707,5470,7034,1564
708,2986,6033,3047
709,953,3815,2862
710,4619,7665,3046
711,4205,5256,1051
712,2549,4865,2316
713,2113,6469,4356
714,1650,2555,905
715,2061,4581,2520
716,1241,4652,3411
717,5170,6062,892
718,4078,7510,3432
719,36,7375,7339
720,3720,5818,2098
721,2052,2558,506
722,3100,5754,2654
723,2485,4052,1567
724,2721,3041,320
725,159,5852,5693
726,8039,8411,372
727,1845,3725,1880
728,1053,8247,7194
729,7451,8208,757
730,2731,4573,1842
731,1316,7142,5826
732,1990,7428,5438
733,927,1050,123
734,7005,7913,908
735,4569,7050,2481
736,1195,5666,4471
737,3461,7036,3575
738,7082,7592,510
739,6491,7541,1050
740,5132,6084,952
741,4257,7244,2987
742,5037,6482,1445
743,156,2206,2050
744,5622,7450,1828
745,1497,5968,4471
746,1069,2028,959
747,7501,7971,470
748,4804,6699,1895
749,5249,6048,799
750,640,3333,2693
751,3739,4927,1188
752,2295,7758,5463
753,4949,6762,1813
754,3043,3312,269
755,3945,4748,803
756,2714,7887,5173
757,6929,6954,25
758,5047,8154,3107
759,1736,7540,5804
760,4948,5093,145
761,4406,6614,2208
762,7690,8378,688
763,7979,8039,60
764,475,4713,4238
765,5928,6503,575
766,3063,4612,1549
767,5740,8250,2510
768,8234,8250,16
769,5643,6996,1353
770,4702,7274,2572
771,4133,7905,3772
772,3647,5310,1663
773,283,5526,5243
774,1920,3805,1885
775,5336,5725,389
776,4691,7456,2765
777,1476,8386,6910
778,114,1105,991
779,1365,1666,301
780,515,6142,5627
781,5325,8296,2971
782,7200,8128,928
783,6950,8003,1053
784,8026,8069,43
785,8321,8415,94
786,5122,6633,1511
787,676,2783,2107
788,7405,8297,892
789,2467,7728,5261
790,1881,2635,754
791,4812,5256,444
792,7024,7299,275
793,4656,7113,2457
794,4041,6556,2515
795,847,2201,1354
796,141,1883,1742
797,3471,6172,2701
798,2009,4143,2134
799,1290,4678,3388
800,7032,8339,1307
801,8148,8234,86
802,180,950,770
803,1520,3624,2104
804,4065,5627,1562
805,8344,8355,11
806,864,4368,3504
807,7067,8264,1197
808,6125,7280,1155
809,3640,4644,1004
810,1567,7260,5693
811,8032,8099,67
812,3289,7921,4632
813,5928,6352,424
814,1138,4284,3146
815,1818,6131,4313
816,1525,4065,2540
817,178,7456,7278
818,4758,5352,594
819,1848,4432,2584
820,3563,6904,3341
821,5807,6020,213
822,5457,8362,2905
823,5952,7918,1966
824,7867,8117,250
825,6017,6319,302
826,1579,4285,2706
827,7837,8307,470
828,5369,5574,205
829,4464,6222,1758
830,398,7549,7151
831,7247,7626,379
832,1862,4911,3049
833,3022,3726,704
834,6821,8235,1414
835,873,1608,735
836,3908,7986,4078
837,1089,2020,931
838,3690,6076,2386
839,4031,5952,1921
840,1193,6151,4958
841,4535,7884,3349
842,1335,2283,948
843,1060,5286,4226
844,8008,8387,379
845,6251,6653,402
846,1930,5225,3295
847,3267,7191,3924
848,6172,7637,1465
849,1396,2645,1249
850,6606,7405,799
851,2759,3215,456
852,3599,6534,2935
853,1958,8277,6319
854,1194,7503,6309
855,8370,8421,51
856,5578,7763,2185
857,80,5612,5532
858,4825,6524,1699
859,2010,8044,6034
860,7775,8336,561
861,2958,4455,1497
862,6460,7116,656
863,6862,8165,1303
864,4473,8044,3571
865,3916,5384,1468
866,7507,8179,672
867,7330,7892,562
868,210,880,670
869,6400,6638,238
870,7998,8198,200
871,7510,8347,837
872,7798,8044,246
873,6705,8186,1481
874,538,6108,5570
875,2865,5054,2189
876,412,5570,5158
877,8193,8251,58
878,4262,6935,2673
879,5768,7916,2148
880,6834,7825,991
881,2099,5811,3712
882,2302,3681,1379
883,7777,8066,289
884,2109,7516,5407
885,6307,7516,1209
886,8423,8426,3
887,1968,2500,532
888,5016,7103,2087
889,6389,6519,130
890,8199,8207,8
891,1792,7670,5878
892,2466,2551,85
893,7107,8412,1305
894,5626,7585,1959
895,4382,6428,2046
896,1270,4737,3467
897,5450,7193,1743
898,7217,7245,28
899,6492,8158,1666
900,4136,6425,2289
901,331,6056,5725
902,4030,7850,3820
903,498,6115,5617
904,7065,7743,678
905,2779,6427,3648
906,5913,7115,1202
907,275,1289,1014
908,3714,7223,3509
909,3218,3985,767
910,7220,7481,261
911,577,1922,1345
912,1264,2799,1535
913,1999,5515,3516
914,190,855,665
915,3527,4745,1218
916,1358,8220,6862
917,7045,8146,1101
918,30,4548,4518
919,2943,3228,285
920,4906,6162,1256
921,7884,7895,11
922,7188,8160,972
923,6715,7748,1033
924,1016,7772,6756
925,7169,7485,316
926,6458,8295,1837
927,7785,8147,362
928,1965,8019,6054
929,7131,8293,1162
930,2953,5346,2393
931,2345,7975,5630
932,572,7733,7161
933,2687,7145,4458
934,7799,7821,22
935,1219,1341,122
936,299,6855,6556
937,4412,5073,661
938,1448,5535,4087
939,7502,8165,663
940,4605,5800,1195
941,4078,6072,1994
942,5095,7253,2158
943,2402,6867,4465
944,1435,1486,51
945,8183,8354,171
946,659,7555,6896
947,7478,7766,288
948,4388,6653,2265
949,3251,6550,3299
950,7167,7317,150
951,7450,7574,124
952,778,7553,6775
953,7885,8360,475
954,2224,2451,227
955,7118,8171,1053
956,3954,8150,4196
957,2271,7702,5431
958,7600,7700,100
959,1597,3771,2174
960,6950,7926,976
961,4047,5854,1807
962,6765,7032,267
963,7651,7820,169
964,5841,6228,387
965,8163,8270,107
966,4331,4604,273
967,6552,7714,1162
968,7076,8304,1228
969,2434,3664,1230
970,2408,5478,3070
971,8150,8364,214
972,6117,6365,248
973,3758,5638,1880
974,2252,8051,5799
975,5310,5983,673
976,8383,8396,13
977,7463,7516,53
978,1365,3882,2517
979,8092,8132,40
980,4409,5621,1212
981,1555,1830,275
982,5780,6658,878
983,6748,6934,186
984,5063,6150,1087
985,1786,3506,1720
986,3580,5433,1853
987,4970,5545,575
988,2563,8332,5769
989,2673,5648,2975
990,71,5977,5906
991,295,731,436
992,2533,4646,2113
993,2377,5610,3233
994,2696,4650,1954
995,7186,7233,47
996,4917,8264,3347
997,7642,8082,440
998,7911,7990,79
999,3991,5071,1080
1000,5886,6495,609
1001,3436,6787,3351
1002,6296,7401,1105
1003,8217,8309,92
1004,6227,7287,1060
1005,1814,7303,5489
1006,3340,7182,3842
1007,7957,8070,113
1008,5793,6971,1178
1009,2259,4292,2033
1010,2798,6409,3611
1011,8329,8396,67
1012,326,3944,3618
1013,6657,6990,333
1014,2496,6916,4420
1015,209,5821,5612
1016,7783,7871,88
1017,5782,6522,740
1018,2476,2744,268
1019,1483,5570,4087
1020,7569,7622,53
1021,6713,8227,1514
1022,8184,8360,176
1023,7967,8096,129
1024,594,2225,1631
1025,5988,6187,199
1026,3252,6791,3539
1027,4501,5374,873
1028,110,1626,1516
1029,7536,7593,57
1030,2433,7272,4839
1031,5887,8351,2464
1032,5882,7157,1275
1033,702,7318,6616
1034,4359,7530,3171
1035,7507,7619,112
1036,6365,8324,1959
1037,997,7902,6905
1038,5413,6353,940
1039,3275,4331,1056
1040,4656,5539,883
1041,3902,7154,3252
1042,3006,5781,2775
1043,2833,2969,136
1044,3108,5487,2379
1045,4334,5174,840
1046,3883,3981,98
1047,644,7831,7187
1048,7234,8319,1085
1049,3693,6391,2698
1050,1493,4586,3093
1051,1730,4213,2483
1052,1523,2335,812
1053,4487,7744,3257
1054,144,3205,3061
1055,7341,8391,1050
1056,122,2896,2774
1057,3816,7245,3429
1058,5276,5991,715
1059,3402,6850,3448
1060,233,7035,6802
1061,2837,5567,2730
1062,6316,8103,1787
1063,6440,6646,206
1064,8421,8423,2
1065,2979,4851,1872
1066,5715,7549,1834
1067,2440,6278,3838
1068,1281,3038,1757
1069,5160,7393,2233
1070,4728,6694,1966
1071,8421,8429,8
1072,4187,7450,3263
1073,5905,6441,536
1074,400,6959,6559
1075,3362,4826,1464
1076,3100,7601,4501
1077,4694,7218,2524
1078,1057,8081,7024
1079,6395,6531,136
1080,2552,7757,5205
1081,7429,8254,825
1082,3822,7285,3463
1083,7811,7819,8
1084,4901,7186,2285
1085,6753,8417,1664
1086,1024,3586,2562
1087,447,747,300
1088,3627,4957,1330
1089,5229,5369,140
1090,4201,4264,63
1091,234,6127,5893
1092,5743,6744,1001
1093,253,3395,3142
1094,3153,7467,4314
1095,927,4650,3723
1096,3657,3996,339
1097,4839,5938,1099
1098,5720,6733,1013
1099,2472,5420,2948
1100,1695,2662,967
1101,8023,8238,215
1102,2239,7254,5015
1103,7671,8374,703
1104,5441,5942,501
1105,5817,8339,2522
1106,3341,6513,3172
1107,6618,7258,640
1108,3621,7170,3549
1109,5783,8175,2392
1110,7165,8417,1252
1111,7068,7689,621
1112,2065,3435,1370
1113,280,6316,6036
1114,6305,6896,591
1115,4594,5106,512
1116,1517,4303,2786
1117,8009,8398,389
1118,8133,8327,194
1119,3547,4255,708
1120,5899,7540,1641
1121,5821,7335,1514
1122,5341,6594,1253
1123,6064,7830,1766
1124,5383,7917,2534
1125,6200,8166,1966
1126,1813,3176,1363
1127,1044,7248,6204
1128,3774,4974,1200
1129,5240,5279,39
1130,4016,5217,1201
1131,3726,7739,4013
1132,1852,3778,1926
1133,261,4480,4219
1134,4594,4922,328
1135,5057,8393,3336
1136,5727,6163,436
1137,595,8184,7589
1138,7669,7981,312
1139,726,4898,4172
1140,1558,4430,2872
1141,501,4900,4399
1142,7366,7483,117
1143,7914,8161,247
1144,6103,7816,1713
1145,180,2630,2450
1146,4421,7370,2949
1147,4664,5700,1036
1148,2314,6061,3747
1149,8358,8406,48
1150,2655,2852,197
1151,2899,7145,4246
1152,6037,6753,716
1153,6097,8248,2151
1154,7266,7397,131
1155,1821,3151,1330
1156,3869,6251,2382
1157,3227,3271,44
1158,8377,8399,22
1159,4238,5914,1676
1160,2708,8098,5390
1161,795,3116,2321
1162,422,6160,5738
1163,4018,6530,2512
1164,6682,6735,53
1165,2720,8259,5539
1166,6130,7520,1390
1167,4279,4791,512
1168,4673,6904,2231
1169,3992,5827,1835
1170,1480,6876,5396
1171,7421,7672,251
1172,6554,7314,760
1173,8345,8375,30
1174,4073,4774,701
1175,2306,4775,2469
1176,5468,6329,861
1177,2228,7719,5491
1178,7056,7241,185
1179,1675,8051,6376
1180,2455,7254,4799
1181,6742,8232,1490
1182,3904,5693,1789
1183,7213,8034,821
1184,569,2375,1806
1185,7730,7877,147
1186,3335,8226,4891
1187,7269,7546,277
1188,379,8247,7868
1189,4442,7174,2732
1190,1358,7789,6431
1191,6158,6624,466
1192,2349,7303,4954
1193,1362,1472,110
1194,4814,7417,2603
1195,2537,2712,175
1196,4555,5083,528
1197,3346,5396,2050
1198,5591,7426,1835
1199,6711,8061,1350
1200,2199,6274,4075
1201,1974,7317,5343
1202,680,7966,7286
1203,4671,7331,2660
1204,3083,4034,951
1205,3040,5141,2101
1206,963,8076,7113
1207,4517,6220,1703
1208,4045,8397,4352
1209,849,7863,7014
1210,2295,7931,5636
1211,7508,8334,826
1212,7600,8170,570
1213,4280,7615,3335
1214,427,1795,1368
1215,1360,3543,2183
1216,5661,6091,430
1217,1827,4838,3011
1218,6546,7801,1255
1219,4525,5574,1049
1220,1793,7805,6012
1221,1118,7431,6313
1222,2367,6458,4091
1223,5134,8413,3279
1224,6190,7046,856
1225,4378,6673,2295
1226,3916,6084,2168
1227,5750,7067,1317
1228,5922,6936,1014
1229,3307,7620,4313
1230,1635,2950,1315
1231,1985,6764,4779
1232,2903,8033,5130
1233,2848,6657,3809
1234,6791,8277,1486
1235,7676,8042,366
1236,2200,3671,1471
1237,2033,2825,792
1238,2974,5865,2891
1239,1893,2532,639
1240,4375,5804,1429
1241,5926,7734,1808
1242,2076,4656,2580
1243,5428,5729,301
1244,3233,7891,4658
1245,6708,7400,692
1246,3084,7346,4262
1247,1989,2459,470
1248,3731,7130,3399
1249,7661,7984,323
1250,1984,3620,1636
1251,7213,7819,606
1252,4567,6768,2201
1253,6605,7638,1033
1254,6815,6990,175
1255,7687,8408,721
1256,1448,5750,4302
1257,3872,5816,1944
1258,2419,7190,4771
1259,7997,8080,83
1260,1466,8139,6673
1261,5077,5512,435
1262,7251,8208,957
1263,6600,6766,166
1264,5236,7869,2633
1265,2950,6364,3414
1266,2272,3156,884
1267,3423,6732,3309
1268,1338,7566,6228
1269,657,2589,1932
1270,1987,6176,4189
1271,4611,5329,718
1272,6181,7905,1724
1273,7051,7716,665
1274,966,5977,5011
1275,3741,8095,4354
1276,5481,6384,903
1277,6535,8187,1652
1278,8273,8358,85
1279,6742,7711,969
1280,664,4536,3872
1281,3083,6305,3222
1282,3666,8194,4528
1283,1135,3183,2048
1284,3553,4577,1024
1285,6542,6882,340
1286,4517,7092,2575
1287,620,1691,1071
1288,4966,5710,744
1289,7707,8277,570
1290,2429,5585,3156
1291,510,1589,1079
1292,7047,7535,488
1293,7736,7822,86
1294,1370,6805,5435
1295,4606,5108,502
1296,5689,6867,1178
1297,35,4863,4828
1298,4020,6920,2900
1299,6978,7837,859
1300,2083,5890,3807
1301,7359,7598,239
1302,3129,4680,1551
1303,6173,7260,1087
1304,4671,7685,3014
1305,8332,8335,3
1306,4757,5129,372
1307,5513,8421,2908
1308,8102,8257,155
1309,2177,7076,4899
1310,2961,3820,859
1311,5215,6192,977
1312,7461,7995,534
1313,1608,7147,5539
1314,4327,8216,3889
1315,2546,6154,3608
1316,7100,7832,732
1317,8149,8349,200
1318,3672,5755,2083
1319,123,755,632
1320,6784,7854,1070
1321,3867,8039,4172
1322,8289,8302,13
1323,498,6369,5871
1324,5057,7113,2056
1325,2850,5179,2329
1326,1432,2063,631
1327,5149,8303,3154
1328,3799,4339,540
1329,816,3569,2753
1330,6763,7424,661
1331,1865,5850,3985
1332,4682,7670,2988
1333,7133,8192,1059
1334,3683,7716,4033
1335,5815,6968,1153
1336,2876,2963,87
1337,4312,7050,2738
1338,5061,7482,2421
1339,8287,8301,14
1340,7191,8173,982
1341,2066,6323,4257
1342,4649,5132,483
1343,4573,5650,1077
1344,1484,7531,6047
1345,3184,3574,390
1346,5133,7156,2023
1347,2093,2497,404
1348,4562,5562,1000
1349,7306,7894,588
1350,7058,7641,583
1351,4089,5845,1756
1352,5575,5616,41
1353,6926,7551,625
1354,2048,5251,3203
1355,4800,5223,423
1356,5992,6649,657
1357,6054,7643,1589
1358,5590,8231,2641
1359,4469,4678,209
1360,8349,8359,10
1361,5211,6443,1232
1362,6053,6193,140
1363,7118,7604,486
1364,7776,7827,51
1365,7788,7840,52
1366,3440,8316,4876
1367,4852,5872,1020
1368,43,6106,6063
1369,6659,8364,1705
1370,1732,5950,4218
1371,3237,7286,4049
1372,4580,6637,2057
1373,795,6147,5352
1374,2264,6189,3925
1375,2487,6848,4361
1376,2587,3796,1209
1377,8092,8183,91
1378,7285,8040,755
1379,5333,7629,2296
1380,2440,8110,5670
1381,1929,3192,1263
1382,6598,8384,1786
1383,3262,3339,77
1384,5152,5863,711
1385,6868,7178,310
1386,2728,2948,220
1387,4318,7338,3020
1388,925,7003,6078
1389,7407,7719,312
1390,4252,8097,3845
1391,1579,1714,135
1392,1008,4396,3388
1393,3691,5949,2258
1394,1564,2081,517
1395,1925,2476,551
1396,3538,4687,1149
1397,1864,3732,1868
1398,576,8317,7741
1399,7940,8396,456
1400,1519,4436,2917
1401,1177,7048,5871
1402,852,5274,4422
1403,3896,3986,90
1404,7216,8190,974
1405,130,4757,4627
1406,3523,4699,1176
1407,6141,7677,1536
1408,3023,5987,2964
1409,8387,8411,24
1410,7655,8352,697
1411,1768,7242,5474
1412,6073,8069,1996
1413,2067,6097,4030
1414,5655,7178,1523
1415,3289,4996,1707
1416,7247,7282,35
1417,8259,8325,66
1418,807,2150,1343
1419,1443,7016,5573
1420,4710,6340,1630
1421,834,5891,5057
1422,6956,7795,839
1423,7199,7271,72
1424,5925,7083,1158
1425,1132,5842,4710
1426,5767,8330,2563
1427,7384,8308,924
1428,6152,8287,2135
1429,2460,3216,756
1430,4603,8414,3811
1431,6973,8296,1323
1432,2683,7672,4989
1433,4392,7898,3506
1434,7596,7786,190
1435,7627,7801,174
1436,6457,8129,1672
1437,4992,8083,3091
1438,4669,6348,1679
1439,6472,6549,77
1440,4087,4712,625
1441,8035,8072,37
1442,204,4250,4046
1443,4173,4414,241
1444,541,7084,6543
1445,2228,2307,79
1446,1721,6378,4657
1447,6133,6457,324
1448,7497,7782,285
1449,1205,7765,6560
1450,3081,5617,2536
1451,179,5142,4963
1452,1937,4057,2120
1453,3024,7525,4501
1454,1285,6255,4970
1455,2952,4018,1066
1456,5124,6406,1282
1457,7811,8131,320
1458,5739,7200,1461
1459,4571,5809,1238
1460,8112,8292,180
1461,904,8281,7377
1462,1036,6582,5546
1463,2531,3864,1333
1464,4644,6117,1473
1465,2353,8429,6076
1466,7766,8191,425
1467,3730,6100,2370
1468,1925,2553,628
1469,855,4711,3856
1470,1760,6948,5188
1471,8047,8156,109
1472,4877,6222,1345
1473,7853,8174,321
1474,5189,7647,2458
1475,5470,6708,1238
1476,132,8049,7917
1477,5265,8043,2778
1478,5383,6681,1298
1479,5064,6101,1037
1480,2414,2818,404
1481,1915,7690,5775
1482,2495,7422,4927
1483,7702,8415,713
1484,5804,7647,1843
1485,2945,7501,4556
1486,4601,5670,1069
1487,6451,6494,43
1488,4015,5401,1386
1489,7782,8206,424
1490,2512,3311,799
1491,5353,6853,1500
1492,3380,7492,4112
1493,6342,7372,1030
1494,105,1932,1827
1495,2277,7759,5482
1496,4719,6383,1664
1497,5399,5849,450
1498,6358,7280,922
1499,5498,6953,1455
1500,7984,8095,111
1501,7154,8057,903
1502,2084,6012,3928
1503,1291,5830,4539
1504,4059,7409,3350
1505,3953,4757,804
1506,6071,8159,2088
1507,2326,6758,4432
1508,4674,5043,369
1509,2722,2725,3
1510,1772,4214,2442
1511,3355,3742,387
1512,5322,7161,1839
1513,188,610,422
1514,4005,4094,89
1515,4924,5883,959
1516,1425,7880,6455
1517,2470,3240,770
1518,7310,8022,712
1519,5871,6882,1011
1520,6262,6340,78
1521,5539,8273,2734
1522,339,4862,4523
1523,3046,4839,1793
1524,8161,8263,102
1525,4089,6080,1991
1526,7993,8097,104
1527,7480,8022,542
1528,7748,8343,595
1529,951,6995,6044
1530,2714,5861,3147
1531,3641,6753,3112
1532,6941,8017,1076
1533,7001,7996,995
1534,8051,8098,47
1535,5990,7980,1990
1536,2319,2342,23
1537,1045,2044,999
1538,7509,7528,19
1539,3905,4436,531
1540,16,4473,4457
1541,4551,6756,2205
1542,8019,8238,219
1543,1953,7683,5730
1544,4394,5638,1244
1545,652,3945,3293
1546,1233,8081,6848
1547,914,3561,2647
1548,5968,8415,2447
1549,5786,6318,532
1550,8374,8381,7
1551,4304,8425,4121
1552,727,5938,5211
1553,2266,7757,5491
1554,7566,7839,273
1555,5392,6303,911
1556,6491,7910,1419
1557,6635,8125,1490
1558,1505,3225,1720
1559,2208,3366,1158
1560,7681,7864,183
1561,2865,7749,4884
1562,8232,8421,189
1563,446,2931,2485
1564,871,6383,5512
1565,564,7464,6900
1566,6799,7235,436
1567,1260,1716,456
1568,7400,7765,365
1569,6654,7583,929
1570,3737,6735,2998
1571,3802,5025,1223
1572,7214,7670,456
1573,7255,8080,825
1574,5460,6963,1503
1575,3752,6477,2725
1576,105,3963,3858
1577,2419,6362,3943
1578,534,5244,4710
1579,2162,6723,4561
1580,3607,6969,3362
1581,4881,7821,2940
1582,2004,3592,1588
1583,5209,7372,2163
1584,6183,6512,329
1585,3190,4972,1782
1586,6291,8224,1933
1587,6698,7600,902
1588,3454,7478,4024
1589,252,3704,3452
1590,5405,7948,2543
1591,5555,6162,607
1592,1555,7864,6309
1593,2060,4949,2889
1594,5417,8226,2809
1595,1230,8186,6956
1596,2891,7297,4406
1597,6229,7642,1413
1598,3434,4975,1541
1599,2835,4490,1655
1600,5815,6416,601
1601,8126,8401,275
1602,5293,5983,690
1603,3849,5799,1950
1604,5015,7716,2701
1605,1783,6791,5008
1606,5183,7686,2503
1607,2767,3689,922
1608,4616,7940,3324
1609,4164,4887,723
1610,5293,6398,1105
1611,7970,8268,298
1612,3898,7105,3207
1613,3592,6730,3138
1614,8342,8360,18
1615,93,2107,2014
1616,1380,1515,135
1617,1763,6923,5160
1618,872,5308,4436
1619,1490,6603,5113
1620,1365,3262,1897
1621,8178,8323,145
1622,5509,7810,2301
1623,2248,7567,5319
1624,894,2375,1481
1625,8192,8429,237
1626,2802,6363,3561
1627,3926,5636,1710
1628,7439,7841,402
1629,211,7455,7244
1630,3002,5598,2596
1631,3990,6510,2520
1632,7184,7681,497
1633,4846,8256,3410
1634,2809,7782,4973
1635,6298,7749,1451
1636,6463,8250,1787
1637,3720,8151,4431
1638,1099,2456,1357
1639,3005,5256,2251
1640,2497,6398,3901
1641,7133,7272,139
1642,6621,6670,49
1643,3647,7868,4221
1644,4231,4712,481
1645,5803,7467,1664
1646,6649,6691,42
1647,1931,5909,3978
1648,7978,8421,443
1649,312,7858,7546
1650,5265,6101,836
1651,1565,2802,1237
1652,3597,6008,2411
1653,2642,6852,4210
1654,5389,8196,2807
1655,368,2913,2545
1656,2961,8033,5072
1657,6569,7869,1300
1658,4962,6100,1138
1659,6264,6686,422
1660,2627,7433,4806
1661,6535,7049,514
1662,4997,6764,1767
1663,6871,7038,167
1664,3807,8074,4267
1665,12,3818,3806
1666,6447,7226,779
1667,7556,8025,469
1668,252,5072,4820
1669,6110,7244,1134
1670,2221,6248,4027
1671,8353,8383,30
1672,5575,7091,1516
1673,2972,4298,1326
1674,4146,6484,2338
1675,214,7860,7646
1676,3779,4581,802
1677,6076,6669,593
1678,4617,6957,2340
1679,1932,2160,228
1680,306,7752,7446
1681,689,4841,4152
1682,4797,8091,3294
1683,7592,7937,345
1684,4068,4281,213
1685,375,2883,2508
1686,7523,7533,10
1687,340,8209,7869
1688,4850,6307,1457
1689,1390,5028,3638
1690,6114,8200,2086
1691,2558,4212,1654
1692,8103,8282,179
1693,2365,4612,2247
1694,7878,7900,22
1695,3651,4780,1129
1696,7406,8328,922
1697,1436,5747,4311
1698,6503,6969,466
1699,6637,6719,82
1700,7106,7608,502
1701,1251,5349,4098
1702,1980,2175,195
1703,4120,6454,2334
1704,684,7948,7264
1705,8053,8292,239
1706,2126,4404,2278
1707,7124,7430,306
1708,1629,3623,1994
1709,1647,6469,4822
1710,1956,3442,1486
1711,3364,7482,4118
1712,7262,7369,107
1713,4312,4876,564
1714,1956,2727,771
1715,4373,5897,1524
1716,5976,8388,2412
1717,2726,6523,3797
1718,5747,7468,1721
1719,522,5407,4885
1720,4462,7818,3356
1721,7044,7482,438
1722,6670,7999,1329
1723,2446,6551,4105
1724,484,8128,7644
1725,8045,8061,16
1726,3056,7664,4608
1727,4205,4647,442
1728,6434,8154,1720
1729,8410,8423,13
1730,1388,7753,6365
1731,1745,4810,3065
1732,5516,6752,1236
1733,62,803,741
1734,1887,2321,434
1735,3192,7860,4668
1736,7126,7919,793
1737,4393,5212,819
1738,5994,7109,1115
1739,5880,6314,434
1740,7988,8033,45
1741,8312,8352,40
1742,5503,7891,2388
1743,3538,6215,2677
1744,5810,7054,1244
1745,2902,3523,621
1746,428,1480,1052
1747,5840,5843,3
1748,4359,4552,193
1749,6928,7163,235
1750,5873,6010,137
1751,484,6940,6456
1752,3904,5618,1714
1753,5017,6443,1426
1754,6071,6694,623
1755,7109,8017,908
1756,2692,7314,4622
1757,7310,7902,592
1758,5855,7990,2135
1759,7421,7436,15
1760,1514,6836,5322
1761,5280,7430,2150
1762,4227,4793,566
1763,4471,7449,2978
1764,7498,7703,205
1765,5726,8412,2686
1766,6925,7868,943
1767,5145,7727,2582
1768,7816,8278,462
1769,1098,6940,5842
1770,6178,7836,1658
1771,4523,6941,2418
1772,966,6360,5394
1773,1207,6381,5174
1774,5348,7388,2040
1775,520,1549,1029
1776,228,6355,6127
1777,1945,8329,6384
1778,6559,6762,203
1779,377,7558,7181
1780,2257,2693,436
1781,400,2062,1662
1782,4071,6866,2795
1783,4012,6018,2006
1784,3324,5881,2557
1785,5647,7250,1603
1786,2129,3663,1534
1787,8236,8380,144
1788,8335,8404,69
1789,5370,7396,2026
1790,7487,7817,330
1791,1899,7570,5671
1792,1541,3289,1748
1793,6860,7227,367
1794,8291,8382,91
1795,7376,7648,272
1796,4478,8115,3637
1797,1109,7723,6614
1798,8359,8369,10
1799,6692,6808,116
1800,489,1296,807
1801,1892,7648,5756
1802,2251,2260,9
1803,190,7479,7289
1804,1253,7649,6396
1805,1513,6159,4646
1806,2240,5320,3080
1807,6880,6997,117
1808,2584,4392,1808
1809,6818,8028,1210
1810,1654,6064,4410
1811,768,3963,3195
1812,3449,7628,4179
1813,875,5355,4480
1814,2312,7489,5177
1815,7429,8192,763
1816,1841,5549,3708
1817,6044,7407,1363
1818,7740,8248,508
1819,2447,6004,3557
1820,3432,7502,4070
1821,2728,6979,4251
1822,612,4929,4317
1823,6051,7558,1507
1824,7239,8072,833
1825,4338,8053,3715
1826,7675,7872,197
1827,8011,8217,206
1828,6037,7917,1880
1829,7078,7788,710
1830,3334,6709,3375
1831,3016,5749,2733
1832,4813,5864,1051
1833,3568,6535,2967
1834,717,8101,7384
1835,1455,1759,304
1836,5627,7067,1440
1837,5696,6582,886
1838,736,7462,6726
1839,3425,4843,1418
1840,1957,2947,990
1841,7576,8193,617
1842,4681,5272,591
1843,2374,8422,6048
1844,6067,8174,2107
1845,7945,8411,466
1846,2734,8040,5306
1847,135,8075,7940
1848,5554,8243,2689
1849,8423,8426,3
1850,6528,7911,1383
1851,7906,8268,362
1852,3848,6370,2522
1853,8242,8397,155
1854,2992,6852,3860
1855,4037,5399,1362
1856,1626,5576,3950
1857,6367,7569,1202
1858,4449,6560,2111
1859,2126,8085,5959
1860,370,3926,3556
1861,7432,8227,795
1862,5884,7167,1283
1863,4671,7438,2767
1864,6124,6149,25
1865,120,5871,5751
1866,2167,7711,5544
1867,2368,2951,583
1868,536,5967,5431
1869,5987,7740,1753
1870,3847,5010,1163
1871,363,3374,3011
1872,4177,7412,3235
1873,7965,7973,8
1874,2038,6069,4031
1875,7040,7559,519
1876,3319,3878,559
1877,3079,3985,906
1878,5134,5482,348
1879,5803,6861,1058
1880,1960,7742,5782
1881,7196,7627,431
1882,7355,7905,550
1883,5767,7699,1932
1884,6816,6943,127
1885,5901,8023,2122
1886,8248,8270,22
1887,5393,7733,2340
1888,5823,7348,1525
1889,3462,3606,144
1890,502,804,302
1891,7148,8339,1191
1892,7261,8225,964
1893,1314,7730,6416
1894,3449,6457,3008
1895,2036,4602,2566
1896,4327,4452,125
1897,5737,8015,2278
1898,7546,8107,561
1899,4524,4702,178
1900,173,1371,1198
1901,2589,8016,5427
1902,7410,8047,637
1903,737,7638,6901
1904,6681,6826,145
1905,2151,7973,5822
1906,3608,7479,3871
1907,7821,7844,23
1908,8304,8311,7
1909,7905,8305,400
1910,3277,3697,420
1911,7439,8310,871
1912,3201,4368,1167
1913,6876,7613,737
1914,6730,7819,1089
1915,5191,5830,639
1916,4164,7568,3404
1917,2423,6906,4483
1918,7706,8216,510
1919,6262,7365,1103
1920,3646,5101,1455
1921,2804,3293,489
1922,5438,5449,11
1923,6147,6488,341
1924,1203,6107,4904
1925,6299,7814,1515
1926,1971,2677,706
1927,5540,7513,1973
1928,6084,8060,1976
1929,2877,4281,1404
1930,1674,2078,404
1931,4783,8208,3425
1932,6723,7363,640
1933,5419,6753,1334
1934,1168,3346,2178
1935,4173,7616,3443
1936,3011,6610,3599
1937,2124,2583,459
1938,8183,8391,208
1939,480,5694,5214
1940,2175,4113,1938
1941,314,7335,7021
1942,4437,4530,93
1943,6300,8189,1889
1944,5277,6200,923
1945,1497,1910,413
1946,8194,8355,161
1947,2210,6843,4633
1948,7491,7851,360
1949,2661,6685,4024
1950,2951,7575,4624
1951,3568,6657,3089
1952,3360,6766,3406
1953,3216,6294,3078
1954,6244,8117,1873
1955,7793,8232,439
1956,3843,6156,2313
1957,4615,4802,187
1958,8418,8425,7
1959,2526,5938,3412
1960,1110,4309,3199
1961,3240,4360,1120
1962,6434,7638,1204
1963,5268,6509,1241
1964,7522,7577,55
1965,1235,4867,3632
1966,5967,6007,40
1967,4260,5707,1447
1968,3837,6551,2714
1969,7998,8373,375
1970,4608,8305,3697
1971,1713,4951,3238
1972,3011,5864,2853
1973,748,5180,4432
1974,2263,7790,5527
1975,4284,4704,420
1976,4437,4797,360
1977,3310,3489,179
1978,4539,6674,2135
1979,614,4395,3781
1980,7503,7615,112
1981,3937,7664,3727
1982,1611,7058,5447
1983,6393,8220,1827
1984,999,6922,5923
1985,5368,6373,1005
1986,2787,4164,1377
1987,3954,7474,3520
1988,1563,5669,4106
1989,7214,8103,889
1990,8072,8212,140
1991,2108,2159,51
1992,4395,7841,3446
1993,3374,6632,3258
1994,1921,2819,898
1995,57,3478,3421
1996,1014,2619,1605
1997,7788,7810,22
1998,1408,8280,6872
1999,1333,4028,2695
2000,4402,5393,991
2001,5745,7066,1321
2002,4137,7502,3365
2003,8178,8346,168
2004,4239,4602,363
2005,631,2741,2110
2006,1219,8036,6817
2007,747,7447,6700
2008,7496,7790,294
2009,6192,6614,422
2010,5484,6535,1051
2011,4798,5199,401
2012,3174,5216,2042
2013,5104,6498,1394
2014,6791,7691,900
2015,1036,4649,3613
2016,6670,7783,1113
2017,5869,7769,1900
2018,1015,3339,2324
2019,4622,7223,2601
2020,3725,4721,996
2021,2371,5925,3554
2022,5336,7526,2190
2023,2427,5706,3279
2024,7676,8035,359
2025,161,722,561
2026,2678,3264,586
2027,762,1841,1079
2028,6071,6864,793
2029,3040,8168,5128
2030,7773,8104,331
2031,4469,8148,3679
2032,1691,2220,529
2033,5008,5883,875
2034,607,2525,1918
2035,1480,6196,4716
2036,3102,5012,1910
2037,5974,7219,1245
2038,6788,8321,1533
2039,7894,8230,336
2040,1126,6930,5804
2041,5395,5564,169
2042,3324,7794,4470
2043,5683,6625,942
2044,3343,4601,1258
2045,4197,6105,1908
2046,4060,4764,704
2047,495,1987,1492
2048,1892,1967,75
2049,2061,5123,3062
2050,4916,5466,550
2051,1399,6287,4888
2052,1924,4532,2608
2053,5893,7953,2060
2054,3000,5608,2608
2055,3369,3775,406
2056,5416,7253,1837
2057,470,5225,4755
2058,5081,5195,114
2059,8115,8153,38
2060,2071,5017,2946
2061,7007,7657,650
2062,7818,8111,293
2063,3488,6936,3448
2064,8110,8343,233
2065,1209,8254,7045
2066,6965,8069,1104
2067,772,7020,6248
2068,1542,2390,848
2069,797,5495,4698
2070,1748,4693,2945
2071,5123,7240,2117
2072,4491,4621,130
2073,6113,8059,1946
2074,1304,3137,1833
2075,453,4339,3886
2076,7779,7846,67
2077,7034,7731,697
2078,7691,7969,278
2079,7670,8260,590
2080,146,8152,8006
2081,3030,4739,1709
2082,1497,6213,4716
2083,7576,7764,188
2084,3588,6064,2476
2085,433,4762,4329
2086,5964,7867,1903
2087,5620,7616,1996
2088,75,4971,4896
2089,7095,7567,472
2090,1672,2878,1206
2091,4751,5267,516
2092,2439,3181,742
2093,2077,4500,2423
2094,6224,7386,1162
2095,7505,7727,222
2096,8184,8227,43
2097,6805,6849,44
2098,4804,6878,2074
2099,7609,7934,325
2100,2328,4996,2668
2101,7788,8024,236
2102,1891,2508,617
2103,2592,7162,4570
2104,3945,5329,1384
2105,6429,7242,813
2106,3315,4451,1136
2107,2535,7219,4684
2108,4075,7257,3182
2109,2367,3829,1462
2110,1822,2780,958
2111,8173,8179,6
2112,5454,6425,971
2113,2197,7266,5069
2114,611,927,316
2115,6084,6159,75
2116,7892,8125,233
2117,4353,4804,451
2118,7101,8173,1072
2119,5993,7463,1470
2120,4120,6178,2058
2121,344,6031,5687
2122,4897,6531,1634
2123,6398,7463,1065
2124,2016,5373,3357
2125,2578,6612,4034
2126,4286,7171,2885
2127,7321,8147,826
2128,1497,5153,3656
2129,1481,8125,6644
2130,6062,7873,1811
2131,1641,5921,4280
2132,907,5893,4986
2133,5075,6013,938
2134,564,4981,4417
2135,3082,8307,5225
2136,5554,7009,1455
2137,6202,7197,995
2138,6440,7577,1137
2139,1778,6131,4353
2140,2440,4358,1918
2141,6602,8153,1551
2142,7918,8231,313
2143,2704,6526,3822
2144,6280,7616,1336
2145,7410,7565,155
2146,262,4002,3740
2147,2423,2777,354
2148,2934,8251,5317
2149,3150,4316,1166
2150,6862,7833,971
2151,247,6701,6454
2152,1125,4229,3104
2153,3743,6506,2763
2154,1000,4402,3402
2155,5894,7629,1735
2156,7657,8338,681
2157,1930,5674,3744
2158,4233,8074,3841
2159,3297,4043,746
2160,6523,7794,1271
2161,4639,5413,774
2162,3728,4155,427
2163,98,6343,6245
2164,5269,7905,2636
2165,2240,4016,1776
2166,1007,5416,4409
2167,623,5674,5051
2168,1159,7854,6695
2169,81,7992,7911
2170,5127,5138,11
2171,1779,8030,6251
2172,7979,8136,157
2173,6148,8131,1983
2174,947,4021,3074
2175,6399,7891,1492
2176,820,2791,1971
2177,5063,5153,90
2178,3902,4389,487
2179,106,1070,964
2180,3051,6195,3144
2181,1250,5029,3779
2182,3238,5452,2214
2183,1346,3160,1814
2184,2921,6858,3937
2185,1090,7092,6002
2186,5817,6501,684
2187,1480,4634,3154
2188,5227,6178,951
2189,5748,6939,1191
2190,2141,7813,5672
2191,3524,4345,821
2192,6882,7521,639
2193,930,5090,4160
2194,7717,8412,695
2195,347,5126,4779
2196,2610,5046,2436
2197,2237,3045,808
2198,1530,2146,616
2199,6555,7776,1221
2200,2198,6436,4238
2201,121,5331,5210
2202,6354,8267,1913
2203,4805,5138,333
2204,1737,2911,1174
2205,4201,4594,393
2206,3916,6270,2354
2207,7396,7542,146
2208,6335,7433,1098
2209,8054,8189,135
2210,3430,7319,3889
2211,5900,7913,2013
2212,3972,6523,2551
2213,4540,4605,65
2214,7528,8200,672
2215,5939,6582,643
2216,4202,7982,3780
2217,8006,8235,229
2218,6056,8133,2077
2219,7455,7781,326
2220,2641,7334,4693
2221,450,8356,7906
2222,5934,6657,723
2223,587,6009,5422
2224,8345,8362,17
2225,3386,6651,3265
2226,7854,8295,441
2227,522,1960,1438
2228,4833,5021,188
2229,1087,1796,709
2230,6061,6637,576
2231,4137,4595,458
2232,300,3813,3513
2233,6831,7804,973
2234,1375,6372,4997
2235,4297,5310,1013
2236,7493,7839,346
2237,4084,6352,2268
2238,2029,2058,29
2239,5759,7293,1534
2240,6298,6324,26
2241,7342,8307,965
2242,3872,7309,3437
2243,1227,2344,1117
2244,7479,7836,357
2245,8017,8300,283
2246,7287,8401,1114
2247,4047,5040,993
2248,1015,4516,3501
2249,6592,6722,130
2250,4745,7933,3188
2251,119,3385,3266
2252,3850,3872,22
2253,1628,8112,6484
2254,6840,8089,1249
2255,1663,2308,645
2256,7759,8425,666
2257,6117,8373,2256
2258,3521,4487,966
2259,7877,8278,401
2260,4578,6658,2080
2261,6834,8241,1407
2262,5630,7010,1380
2263,8067,8197,130
2264,5292,7917,2625
2265,6384,6940,556
2266,7064,8397,1333
2267,2819,5236,2417
2268,3985,5735,1750
2269,7508,7776,268
2270,7049,7615,566
2271,265,629,364
2272,695,1418,723
2273,6022,7893,1871
2274,336,5717,5381
2275,7642,8249,607
2276,7386,8232,846
2277,1473,6272,4799
2278,2912,3097,185
2279,5171,6702,1531
2280,6614,7747,1133
2281,2085,7569,5484
2282,3271,5336,2065
2283,6531,7235,704
2284,7863,8379,516
2285,708,3393,2685
2286,5605,7303,1698
2287,5538,7878,2340
2288,2784,3052,268
2289,539,1457,918
2290,1293,4247,2954
2291,3345,6374,3029
2292,3397,8269,4872
2293,7702,7807,105
2294,2791,3724,933
2295,5223,7970,2747
2296,7071,8325,1254
2297,1450,7307,5857
2298,3043,4960,1917
2299,5888,7210,1322
2300,7023,8297,1274
2301,3624,7648,4024
2302,1407,2307,900
2303,5777,7194,1417
2304,6060,6894,834
2305,5267,6245,978
2306,410,4592,4182
2307,368,7788,7420
2308,7956,7962,6
2309,4291,5306,1015
2310,5444,6917,1473
2311,7334,7453,119
2312,2569,7553,4984
2313,7678,8077,399
2314,145,5683,5538
2315,6158,6309,151
2316,5731,5816,85
2317,6742,7057,315
2318,6443,7330,887
2319,4907,7927,3020
2320,2041,8317,6276
2321,3284,4359,1075
2322,4315,5017,702
2323,2890,7272,4382
2324,7200,8195,995
2325,5033,8200,3167
2326,2552,7752,5200
2327,8157,8429,272
2328,2707,3478,771
2329,8140,8191,51
2330,3028,5464,2436
2331,5596,8314,2718
2332,5229,6829,1600
2333,4900,7532,2632
2334,2745,4185,1440
2335,4101,7837,3736
2336,1412,1504,92
2337,5300,6809,1509
2338,7156,7563,407
2339,1082,3509,2427
2340,3477,8391,4914
2341,1045,5408,4363
2342,5037,7629,2592
2343,8354,8406,52
2344,6324,7678,1354
2345,7912,8007,95
2346,1060,4463,3403
2347,7774,8316,542
2348,7924,8019,95
2349,2190,6777,4587
2350,6948,8050,1102
2351,8100,8382,282
2352,3692,5753,2061
2353,2803,5147,2344
2354,5080,7636,2556
2355,1546,6916,5370
2356,4289,4949,660
2357,3799,5532,1733
2358,6605,7091,486
2359,8327,8408,81
2360,5938,7112,1174
2361,1552,2970,1418
2362,3370,8213,4843
2363,8044,8246,202
2364,4035,6300,2265
2365,3668,6146,2478
2366,6319,7113,794
2367,4953,6577,1624
2368,6466,7484,1018
2369,4339,7308,2969
2370,5477,5826,349
2371,137,6326,6189
2372,1877,5173,3296
2373,202,1662,1460
2374,376,4957,4581
2375,5534,6317,783
2376,207,4744,4537
2377,5884,7560,1676
2378,5056,6252,1196
2379,5421,5575,154
2380,7465,7871,406
2381,6169,7833,1664
2382,5524,7947,2423
2383,2172,5579,3407
2384,1774,8052,6278
2385,3267,3847,580
2386,4373,5362,989
2387,4650,7210,2560
2388,7499,7741,242
2389,4678,7232,2554
2390,1646,1713,67
2391,6486,8414,1928
2392,260,7374,7114
2393,5360,7618,2258
2394,4741,7992,3251
2395,8096,8245,149
2396,229,7912,7683
2397,7885,8171,286
2398,958,7565,6607
2399,7832,8189,357
2400,4670,8125,3455
2401,2582,3714,1132
2402,82,4360,4278
2403,7286,8022,736
2404,8320,8389,69
2405,2495,4967,2472
2406,1340,1378,38
2407,6361,6711,350
2408,1857,8035,6178
2409,2431,4370,1939
2410,2115,5729,3614
2411,2827,6298,3471
2412,6328,7661,1333
2413,1777,5392,3615
2414,3291,6471,3180
2415,7183,7564,381
2416,3638,8235,4597
2417,6617,7865,1248
2418,8102,8352,250
2419,2685,7079,4394
2420,2513,6435,3922
2421,6840,8154,1314
2422,984,8162,7178
2423,5534,5708,174
2424,7252,8177,925
2425,6765,8069,1304
2426,736,4300,3564
2427,4700,6724,2024
2428,6398,8266,1868
2429,6828,7442,614
2430,7834,8193,359
2431,4844,5852,1008
2432,8227,8295,68
2433,713,4346,3633
2434,8157,8219,62
2435,5437,7419,1982
2436,4231,8202,3971
2437,4992,5955,963
2438,5702,8111,2409
2439,433,1339,906
2440,7584,8308,724
2441,982,2729,1747
2442,2211,7934,5723
2443,1382,2770,1388
2444,3787,6332,2545
2445,6202,7048,846
2446,3228,4159,931
2447,716,6449,5733
2448,7132,7449,317
2449,2722,4517,1795
2450,7495,8063,568
2451,3965,7763,3798
2452,3647,5816,2169
2453,3924,6235,2311
2454,129,6374,6245
2455,4484,6358,1874
2456,2110,2592,482
2457,6398,7325,927
2458,3836,7206,3370
2459,4402,6721,2319
2460,6285,6469,184
2461,1611,5772,4161
2462,3287,4977,1690
2463,1376,5018,3642
2464,4896,7993,3097
2465,7794,8358,564
2466,6243,8269,2026
2467,2979,3238,259
2468,5577,6266,689
2469,7598,8132,534
2470,6387,7876,1489
2471,1177,2299,1122
2472,3887,8381,4494
2473,1935,4883,2948
2474,932,1931,999
2475,5462,6273,811
2476,879,1262,383
2477,3748,8189,4441
2478,2803,7883,5080
2479,1504,2846,1342
2480,6405,6721,316
2481,5980,8080,2100
2482,2939,5897,2958
2483,5729,6255,526
2484,739,8137,7398
2485,3935,8348,4413
2486,4520,7049,2529
2487,288,4458,4170
2488,563,2073,1510
2489,4178,6144,1966
2490,2093,4629,2536
2491,8032,8210,178
2492,6777,8410,1633
2493,5441,8187,2746
2494,8259,8349,90
2495,5610,6595,985
2496,4532,6123,1591
2497,5347,5588,241
2498,2780,5493,2713
2499,488,5935,5447
2500,4985,5241,256
2501,4708,6726,2018
2502,605,5878,5273
2503,4918,5646,728
2504,2910,6519,3609
2505,6865,7416,551
2506,5159,5252,93
2507,782,1016,234
2508,4864,7547,2683
2509,5140,7460,2320
2510,1900,5987,4087
2511,5801,6625,824
2512,7144,7752,608
2513,1932,5900,3968
2514,1053,1753,700
2515,937,3116,2179
2516,6933,7939,1006
2517,6570,8065,1495
2518,1912,6573,4661
2519,5058,6070,1012
2520,5010,5642,632
2521,4497,4908,411
2522,6348,7740,1392
2523,4290,8405,4115
2524,4130,6288,2158
2525,1854,4774,2920
2526,296,1189,893
2527,2629,7580,4951
2528,6779,8298,1519
2529,7252,8263,1011
2530,6720,7302,582
2531,7361,8334,973
2532,5426,7727,2301
2533,8070,8409,339
2534,3365,7323,3958
2535,58,2702,2644
2536,6969,7054,85
2537,4744,7235,2491
2538,1461,2716,1255
2539,5717,5978,261
2540,4761,6343,1582
2541,336,819,483
2542,8176,8283,107
2543,3297,7601,4304
2544,3624,4962,1338
2545,2234,4990,2756
2546,426,5265,4839
2547,5795,6398,603
2548,1581,1802,221
2549,5950,6300,350
2550,1919,2764,845
2551,6976,7597,621
2552,2995,6754,3759
2553,4339,4547,208
2554,475,7311,6836
2555,4892,8376,3484
2556,8242,8256,14
2557,2411,7859,5448
2558,1114,1706,592
2559,3729,3848,119
2560,5276,6866,1590
2561,151,6091,5940
2562,6124,6669,545
2563,3021,5631,2610
2564,169,6621,6452
2565,6200,7309,1109
2566,5090,7557,2467
2567,344,7152,6808
2568,5265,7847,2582
2569,2145,7561,5416
2570,5999,8302,2303
2571,6456,6755,299
2572,3713,3829,116
2573,4063,6579,2516
2574,7036,7167,131
2575,3601,4033,432
2576,7011,8184,1173
2577,5677,7602,1925
2578,6145,6511,366
2579,5058,6471,1413
2580,7920,8123,203
2581,5322,7726,2404
2582,6199,7215,1016
2583,3231,6248,3017
2584,2579,5344,2765
2585,7604,7783,179
2586,5418,8175,2757
2587,2554,5117,2563
2588,6570,7600,1030
2589,6450,6744,294
2590,1033,2546,1513
2591,8380,8406,26
2592,4481,7097,2616
2593,6175,7824,1649
2594,3214,5502,2288
2595,5162,6107,945
2596,3907,7903,3996
2597,4382,5874,1492
2598,8351,8414,63
2599,2617,6562,3945
2600,6581,7275,694
2601,3173,6879,3706
2602,6978,7938,960
2603,3311,4770,1459
2604,3337,5871,2534
2605,1699,4676,2977
2606,5272,7744,2472
2607,6095,7508,1413
2608,7273,7494,221
2609,4275,7320,3045
2610,817,2997,2180
2611,5027,7747,2720
2612,7046,8239,1193
2613,6211,7886,1675
2614,5035,5349,314
2615,6356,6414,58
2616,5320,7508,2188
2617,8079,8203,124
2618,4215,6405,2190
2619,8136,8365,229
2620,7876,7949,73
2621,8090,8376,286
2622,4996,7602,2606
2623,5011,8384,3373
2624,1387,6963,5576
2625,3179,7706,4527
2626,4631,8175,3544
2627,7778,7817,39
2628,1940,4583,2643
2629,6065,6335,270
2630,4277,7355,3078
2631,3169,7508,4339
2632,36,977,941
2633,6415,7171,756
2634,5467,6696,1229
2635,1460,3805,2345
2636,897,5635,4738
2637,6522,7584,1062
2638,7644,8139,495
2639,7863,8081,218
2640,4443,7580,3137
2641,2718,5229,2511
2642,6937,7192,255
2643,6708,8257,1549
2644,302,1751,1449
2645,2699,4391,1692
2646,7503,7676,173
2647,2003,7107,5104
2648,1659,2437,778
2649,6595,6833,238
2650,214,1836,1622
2651,8123,8291,168
2652,2339,6888,4549
2653,6760,7889,1129
2654,5049,5832,783
2655,452,697,245
2656,48,2875,2827
2657,2259,5665,3406
2658,7463,8160,697
2659,5525,7133,1608
2660,3792,4837,1045
2661,7597,8233,636
2662,3611,3616,5
2663,8036,8270,234
2664,3112,6024,2912
2665,5834,6115,281
2666,3902,5703,1801
2667,1746,6450,4704
2668,2504,4055,1551
2669,1082,6230,5148
2670,7746,7776,30
2671,2806,5171,2365
2672,3490,5185,1695
2673,8119,8144,25
2674,3672,7802,4130
2675,5756,8381,2625
2676,1517,1602,85
2677,5862,6282,420
2678,6673,7137,464
2679,489,2792,2303
2680,3189,6402,3213
2681,43,5240,5197
2682,7195,7314,119
2683,1286,1715,429
2684,1895,7696,5801
2685,412,3608,3196
2686,7448,7881,433
2687,8078,8284,206
2688,1172,8053,6881
2689,3089,3662,573
2690,1133,4071,2938
2691,4784,8191,3407
2692,7992,8239,247
2693,1740,5562,3822
2694,5261,5462,201
2695,2905,5631,2726
2696,7473,8033,560
2697,1411,3016,1605
2698,3530,6863,3333
2699,3062,7819,4757
2700,5054,7245,2191
2701,2419,6556,4137
2702,23,4475,4452
2703,7852,8367,515
2704,4678,6813,2135
2705,6757,6852,95
2706,4001,8128,4127
2707,5713,7380,1667
2708,2838,6295,3457
2709,8215,8355,140
2710,3408,6717,3309
2711,6713,7694,981
2712,4291,7479,3188
2713,99,740,641
2714,737,5362,4625
2715,1756,3265,1509
2716,2844,3525,681
2717,3715,7303,3588
2718,2635,5422,2787
2719,4311,7347,3036
2720,5734,7352,1618
2721,5112,5788,676
2722,7568,8258,690
2723,841,2078,1237
2724,1540,2658,1118
2725,6574,7603,1029
2726,6013,6860,847
2727,3879,6853,2974
2728,4969,6594,1625
2729,3523,4236,713
2730,4707,7555,2848
2731,5959,8007,2048
2732,7133,7798,665
2733,3934,5032,1098
2734,5310,6459,1149
2735,8302,8309,7
2736,3381,7415,4034
2737,4946,6902,1956
2738,7509,7773,264
2739,1434,6350,4916
2740,989,2318,1329
2741,1996,3091,1095
2742,6458,6826,368
2743,4070,7471,3401
2744,1832,6410,4578
2745,720,3635,2915
2746,3786,5167,1381
2747,2381,8390,6009
2748,4276,6329,2053
2749,7414,8070,656
2750,6830,7691,861
2751,5673,7397,1724
2752,7436,8015,579
2753,2119,4311,2192
2754,1237,7121,5884
2755,7207,8058,851
2756,7576,7635,59
2757,1302,4656,3354
2758,7887,8125,238
2759,2618,8153,5535
2760,1360,7194,5834
2761,7067,8228,1161
2762,5562,7044,1482
2763,6012,7027,1015
2764,7810,8315,505
2765,4985,8167,3182
2766,1632,2697,1065
2767,6584,7363,779
2768,1588,8243,6655
2769,3615,7513,3898
2770,6469,7455,986
2771,222,8335,8113
2772,5493,5889,396
2773,5457,7587,2130
2774,4079,7979,3900
2775,586,3348,2762
2776,5537,8397,2860
2777,7602,7855,253
2778,5225,6834,1609
2779,7142,8154,1012
2780,5128,6122,994
2781,4313,6488,2175
2782,5572,7596,2024
2783,4508,8210,3702
2784,8182,8385,203
2785,3813,7334,3521
2786,6405,6712,307
2787,5065,6322,1257
2788,2743,5200,2457
2789,7574,7595,21
2790,1456,4565,3109
2791,4769,7954,3185
2792,1477,3917,2440
2793,5424,7385,1961
2794,6145,7940,1795
2795,6244,7131,887
2796,2712,2741,29
2797,5262,7249,1987
2798,219,1686,1467
2799,3655,6924,3269
2800,2276,2534,258
2801,6715,7289,574
2802,7186,7268,82
2803,2967,5277,2310
2804,7422,8004,582
2805,8337,8348,11
2806,1940,3835,1895
2807,6127,7386,1259
2808,2868,7562,4694
2809,874,5890,5016
2810,7975,7981,6
2811,5758,6612,854
2812,1638,8359,6721
2813,7012,7224,212
2814,4106,6685,2579
2815,7237,7705,468
2816,1997,7397,5400
2817,1117,1614,497
2818,5673,6888,1215
2819,1489,7877,6388
2820,3197,3253,56
2821,2805,2995,190
2822,5931,5939,8
2823,7994,8402,408
2824,8412,8414,2
2825,4311,7867,3556
2826,3688,7819,4131
2827,3756,7375,3619
2828,5986,8260,2274
2829,5608,8046,2438
2830,4047,6120,2073
2831,3728,7792,4064
2832,8207,8356,149
2833,8191,8267,76
2834,647,2624,1977
2835,6816,8096,1280
2836,1166,7537,6371
2837,6602,7799,1197
2838,5761,7653,1892
2839,5836,7501,1665
2840,6608,6776,168
2841,2108,6590,4482
2842,1955,2895,940
2843,378,951,573
2844,1884,3275,1391
2845,7081,7603,522
2846,1560,3204,1644
2847,4341,5791,1450
2848,2087,2758,671
2849,7703,7818,115
2850,1367,4799,3432
2851,8158,8318,160
2852,6284,7029,745
2853,588,1156,568
2854,5642,7670,2028
2855,7928,8208,280
2856,5530,8260,2730
2857,7230,7919,689
2858,4378,4542,164
2859,1091,2545,1454
2860,4565,8316,3751
2861,2921,3723,802
2862,3394,4773,1379
2863,5373,7234,1861
2864,83,850,767
2865,2691,6046,3355
2866,26,7571,7545
2867,7198,8389,1191
2868,5641,8007,2366
2869,4406,8100,3694
2870,3702,3818,116
2871,2685,3599,914
2872,7618,8023,405
2873,7448,8252,804
2874,5744,7079,1335
2875,3964,7657,3693
2876,6478,6919,441
2877,1882,3301,1419
2878,704,2364,1660
2879,1136,1254,118
2880,4180,8259,4079
2881,3151,3244,93
2882,794,7248,6454
2883,1084,3995,2911
2884,2893,5557,2664
2885,2991,3084,93
2886,1433,4809,3376
2887,7022,8033,1011
2888,299,443,144
2889,3832,7514,3682
2890,7067,8081,1014
2891,1204,3364,2160
2892,6132,7297,1165
2893,3143,7650,4507
2894,4761,6693,1932
2895,6483,7117,634
2896,7031,8196,1165
2897,678,6384,5706
2898,1999,2825,826
2899,3803,4973,1170
2900,2417,3284,867
2901,1196,7129,5933
2902,8342,8356,14
2903,3335,6238,2903
2904,1882,5263,3381
2905,6879,7188,309
2906,3163,7835,4672
2907,7842,8005,163
2908,6739,8109,1370
2909,5699,8031,2332
2910,1570,6092,4522
2911,7943,8420,477
2912,4955,7268,2313
2913,5600,8205,2605
2914,4502,8410,3908
2915,4592,5909,1317
2916,4396,7827,3431
2917,4939,6600,1661
2918,8351,8371,20
2919,5680,7451,1771
2920,2624,3633,1009
2921,810,8067,7257
2922,3061,4616,1555
2923,747,2961,2214
2924,3721,5223,1502
2925,8218,8340,122
2926,5760,8386,2626
2927,2293,2544,251
2928,4676,5035,359
2929,6067,7053,986
2930,2607,4732,2125
2931,7933,7986,53
2932,3609,7271,3662
2933,6078,7707,1629
2934,4640,8345,3705
2935,548,5519,4971
2936,5619,7857,2238
2937,7382,8143,761
2938,6044,6497,453
2939,1492,6733,5241
2940,5445,8210,2765
2941,2689,5035,2346
2942,5335,5867,532
2943,5373,6043,670
2944,3820,6375,2555
2945,6250,7711,1461
2946,5936,6484,548
2947,3178,3847,669
2948,5074,5511,437
2949,5124,5267,143
2950,6584,6707,123
2951,6756,8070,1314
2952,7627,8034,407
2953,2445,8043,5598
2954,5164,6947,1783
2955,6884,7581,697
2956,4853,6970,2117
2957,7572,8291,719
2958,640,5709,5069
2959,1165,8222,7057
2960,4553,7947,3394
2961,5128,6874,1746
2962,8217,8410,193
2963,4042,6192,2150
2964,3424,5622,2198
2965,5763,5897,134
2966,1180,6003,4823
2967,1260,1982,722
2968,7455,8416,961
2969,2052,5844,3792
2970,850,4948,4098
2971,4556,6471,1915
2972,2141,3472,1331
2973,3517,5374,1857
2974,6840,7091,251
2975,7825,8003,178
2976,7932,7989,57
2977,2718,7877,5159
2978,7882,7979,97
2979,6561,8228,1667
2980,2739,5877,3138
2981,4393,7440,3047
2982,5494,7703,2209
2983,1741,4860,3119
2984,7673,7986,313
2985,6572,7492,920
2986,6187,7057,870
2987,6214,6689,475
2988,4322,5263,941
2989,2511,5966,3455
2990,7938,8076,138
2991,7494,7758,264
2992,5515,7105,1590
2993,4565,7374,2809
2994,158,352,194
2995,496,7941,7445
2996,563,2923,2360
2997,1688,6447,4759
2998,4202,8342,4140
2999,2393,7133,4740
3000,459,4846,4387
3001,6953,7644,691
3002,4642,7872,3230
3003,4454,6845,2391
3004,3305,6668,3363
3005,4881,7887,3006
3006,714,4784,4070
3007,20,2562,2542
3008,7918,8191,273
3009,5999,8231,2232
3010,274,291,17
3011,7512,7685,173
3012,5038,6339,1301
3013,5671,7821,2150
3014,6838,7052,214
3015,5668,6910,1242
3016,3609,6366,2757
3017,2426,6688,4262
3018,4991,5888,897
3019,6588,7627,1039
3020,3662,5271,1609
3021,755,1646,891
3022,5973,7309,1336
3023,5499,7108,1609
3024,4657,7864,3207
3025,1501,7607,6106
3026,6323,6378,55
3027,1167,3827,2660
3028,438,1242,804
3029,3785,5100,1315
3030,1790,6619,4829
3031,7627,8195,568
3032,6863,8351,1488
3033,8108,8417,309
3034,5242,6441,1199
3035,4774,7226,2452
3036,6366,6913,547
3037,7852,8321,469
3038,3033,3562,529
3039,3629,5350,1721
3040,3878,7853,3975
3041,4825,6565,1740
3042,5319,6212,893
3043,766,8046,7280
3044,892,5514,4622
3045,338,1011,673
3046,7108,8380,1272
3047,4862,6138,1276
3048,8119,8193,74
3049,1087,6432,5345
3050,2387,5847,3460
3051,4163,5886,1723
3052,3339,4642,1303
3053,7741,8230,489
3054,3947,4941,994
3055,6520,7722,1202
3056,3613,4325,712
3057,2295,5320,3025
3058,6623,8420,1797
3059,7048,7712,664
3060,547,3610,3063
3061,2688,6378,3690
3062,5976,7072,1096
3063,5061,6934,1873
3064,3687,3695,8
3065,5575,6965,1390
3066,6613,7458,845
3067,2030,3832,1802
3068,8169,8221,52
3069,4667,6958,2291
3070,8147,8385,238
3071,5940,5963,23
3072,566,6511,5945
3073,8367,8383,16
3074,1309,5498,4189
3075,2926,7271,4345
3076,8373,8421,48
3077,3721,6433,2712
3078,2894,8220,5326
3079,2715,3721,1006
3080,6200,7857,1657
3081,2622,5477,2855
3082,7941,8126,185
3083,5247,7613,2366
3084,4771,4925,154
3085,6435,7587,1152
3086,3391,6731,3340
3087,1509,5504,3995
3088,1190,4565,3375
3089,7034,7294,260
3090,598,6465,5867
3091,6217,7662,1445
3092,3313,7317,4004
3093,5263,6851,1588
3094,781,5315,4534
3095,4211,8162,3951
3096,1165,3155,1990
3097,1175,1508,333
3098,6963,8401,1438
3099,7685,7690,5
3100,1416,5227,3811
3101,6374,8164,1790
3102,6880,8161,1281
3103,1450,7712,6262
3104,3452,8080,4628
3105,4111,6296,2185
3106,8153,8390,237
3107,6381,7647,1266
3108,3604,8322,4718
3109,4957,8239,3282
3110,4506,6382,1876
3111,6067,6435,368
3112,7915,8414,499
3113,1234,3363,2129
3114,5525,7713,2188
3115,7850,8243,393
3116,3265,6038,2773
3117,6694,7525,831
3118,3495,4904,1409
3119,1790,5381,3591
3120,5775,6543,768
3121,2520,7457,4937
3122,336,3269,2933
3123,4967,7359,2392
3124,6060,6104,44
3125,7943,7947,4
3126,3898,5513,1615
3127,4441,5754,1313
3128,5625,6680,1055
3129,5699,6031,332
3130,4408,6354,1946
3131,6694,7604,910
3132,2749,5208,2459
3133,7637,8333,696
3134,5679,7117,1438
3135,4374,6330,1956
3136,7529,7749,220
3137,6262,6591,329
3138,7189,8384,1195
3139,1271,7039,5768
3140,4588,7565,2977
3141,5787,7718,1931
3142,1510,3698,2188
3143,2318,5681,3363
3144,5298,7663,2365
3145,4041,7400,3359
3146,5016,7245,2229
3147,2633,8346,5713
3148,6071,7383,1312
3149,3885,3901,16
3150,3112,4006,894
3151,3124,8235,5111
3152,1984,8354,6370
3153,1855,5816,3961
3154,2975,6546,3571
3155,3303,6346,3043
3156,7011,7909,898
3157,6341,7182,841
3158,3584,5584,2000
3159,1924,5435,3511
3160,7040,7195,155
3161,6373,7775,1402
3162,5268,6653,1385
3163,3270,3810,540
3164,6917,7232,315
3165,1830,5118,3288
3166,6254,7672,1418
3167,2035,6852,4817
3168,194,6045,5851
3169,2326,8019,5693
3170,6351,7814,1463
3171,3424,4540,1116
3172,7269,7391,122
3173,687,5592,4905
3174,2353,5222,2869
3175,4668,5461,793
3176,6517,8077,1560
3177,352,6980,6628
3178,597,4906,4309
3179,6270,7557,1287
3180,4213,6080,1867
3181,3270,4358,1088
3182,3581,5211,1630
3183,5467,7490,2023
3184,4995,8239,3244
3185,5239,8270,3031
3186,6361,7562,1201
3187,3214,3467,253
3188,5169,7023,1854
3189,6307,7702,1395
3190,5795,7444,1649
3191,578,4869,4291
3192,6974,7865,891
3193,4772,6976,2204
3194,499,2423,1924
3195,4839,8060,3221
3196,8338,8413,75
3197,1693,5171,3478
3198,6351,6467,116
3199,8357,8378,21
3200,3109,3755,646
3201,4499,5244,745
3202,4736,6969,2233
3203,6095,6790,695
3204,5518,7699,2181
3205,2404,5911,3507
3206,4017,4722,705
3207,5948,6954,1006
3208,6532,7500,968
3209,439,2748,2309
3210,7928,8087,159
3211,964,2373,1409
3212,5796,7836,2040
3213,4471,5708,1237
3214,6693,7339,646
3215,6274,7936,1662
3216,3067,5867,2800
3217,5646,8354,2708
3218,6271,7830,1559
3219,3419,6353,2934
3220,410,5230,4820
3221,2352,7507,5155
3222,2218,7273,5055
3223,3606,3864,258
3224,3140,6124,2984
3225,6748,7427,679
3226,508,6616,6108
3227,6378,8030,1652
3228,339,2744,2405
3229,7086,7156,70
3230,1692,5601,3909
3231,6221,7700,1479
3232,2219,7413,5194
3233,126,8226,8100
3234,2525,6533,4008
3235,2940,3315,375
3236,7072,7449,377
3237,6382,7972,1590
3238,6569,6787,218
3239,4544,7764,3220
3240,1045,6803,5758
3241,7473,8097,624
3242,7444,8180,736
3243,8277,8377,100
3244,8368,8407,39
3245,2770,3769,999
3246,6297,7992,1695
3247,4536,4670,134
3248,2074,3920,1846
3249,7346,8159,813
3250,7267,7454,187
3251,4826,6120,1294
3252,5923,5985,62
3253,2400,8375,5975
3254,7678,7860,182
3255,4870,6883,2013
3256,4492,5725,1233
3257,447,7035,6588
3258,4120,6278,2158
3259,191,702,511
3260,4491,5876,1385
3261,6089,8100,2011
3262,4845,7896,3051
3263,1294,3604,2310
3264,7680,7898,218
3265,5314,6576,1262
3266,7280,8061,781
3267,282,1031,749
3268,7249,7613,364
3269,3487,4435,948
3270,5899,6629,730
3271,233,3451,3218
3272,3382,5575,2193
3273,8378,8409,31
3274,3827,5045,1218
3275,7056,7554,498
3276,2666,4151,1485
3277,1632,7740,6108
3278,470,2381,1911
3279,5184,7550,2366
3280,2933,8339,5406
3281,917,6032,5115
3282,8401,8413,12
3283,3,1697,1694
3284,396,6253,5857
3285,5744,7480,1736
3286,1884,8255,6371
3287,2888,7280,4392
3288,7044,7656,612
3289,6975,7929,954
3290,700,1649,949
3291,816,4296,3480
3292,8187,8215,28
3293,6391,7479,1088
3294,5661,6581,920
3295,3103,3736,633
3296,252,1381,1129
3297,6539,7548,1009
3298,7276,7390,114
3299,4360,5727,1367
3300,4409,6955,2546
3301,3857,5500,1643
3302,1984,2323,339
3303,1828,2274,446
3304,1674,7786,6112
3305,6186,7956,1770
3306,5143,8081,2938
3307,2908,7695,4787
3308,5553,6082,529
3309,1160,2448,1288
3310,5731,6174,443
3311,5061,6358,1297
3312,2167,7467,5300
3313,1203,2141,938
3314,5939,6663,724
3315,5359,7124,1765
3316,4699,7615,2916
3317,1093,6914,5821
3318,2318,7350,5032
3319,5798,7833,2035
3320,2015,8293,6278
3321,3410,3882,472
3322,4660,7294,2634
3323,8389,8429,40
3324,7958,8339,381
3325,7992,8406,414
3326,5648,7124,1476
3327,6149,7101,952
3328,2357,4218,1861
3329,7795,8346,551
3330,5709,6500,791
3331,4527,5673,1146
3332,2459,7791,5332
3333,4285,8132,3847
3334,6198,6489,291
3335,3798,4450,652
3336,5973,6252,279
3337,7288,7298,10
3338,4934,7704,2770
3339,1541,7679,6138
3340,754,3586,2832
3341,3200,6599,3399
3342,4283,8144,3861
3343,7785,8057,272
3344,4589,5856,1267
3345,7369,8331,962
3346,5056,8392,3336
3347,5712,8275,2563
3348,5041,6822,1781
3349,7946,8317,371
3350,7398,7588,190
3351,2264,8314,6050
3352,302,8423,8121
3353,476,1027,551
3354,2811,5150,2339
3355,7757,7771,14
3356,1641,3576,1935
3357,7196,7731,535
3358,6180,7931,1751
3359,7646,7694,48
3360,5680,8359,2679
3361,937,2610,1673
3362,5436,5918,482
3363,2503,7650,5147
3364,2811,4760,1949
3365,5988,6722,734
3366,5919,5939,20
3367,6731,7876,1145
3368,358,2188,1830
3369,4725,7747,3022
3370,966,6293,5327
3371,7401,7460,59
3372,4916,7136,2220
3373,8296,8340,44
3374,6479,7561,1082
3375,7991,8275,284
3376,1620,7711,6091
3377,765,2956,2191
3378,1528,7557,6029
3379,4067,4963,896
3380,4692,6020,1328
3381,1401,6422,5021
3382,1944,7894,5950
3383,4253,4796,543
3384,2364,6495,4131
3385,582,1703,1121
3386,5539,7014,1475
3387,316,5706,5390
3388,6618,8183,1565
3389,1184,3353,2169
3390,6342,6940,598
3391,1602,4829,3227
3392,5450,7570,2120
3393,259,4104,3845
3394,820,6146,5326
3395,7652,8005,353
3396,5468,8201,2733
3397,960,5015,4055
3398,3303,3411,108
3399,6728,8248,1520
3400,5014,6819,1805
3401,2940,4490,1550
3402,754,3696,2942
3403,126,5353,5227
3404,4332,5457,1125
3405,217,1948,1731
3406,5220,5503,283
3407,6884,8144,1260
3408,1638,5359,3721
3409,8414,8424,10
3410,6013,6511,498
3411,3834,4698,864
3412,5618,8065,2447
3413,1936,5080,3144
3414,147,6450,6303
3415,1671,3447,1776
3416,3755,6305,2550
3417,2003,4176,2173
3418,5430,7274,1844
3419,1556,2485,929
3420,4568,6440,1872
3421,4876,5748,872
3422,2479,6389,3910
3423,7601,7844,243
3424,1774,2678,904
3425,1234,7394,6160
3426,1007,7476,6469
3427,4416,4838,422
3428,3349,4421,1072
3429,939,2753,1814
3430,1393,6340,4947
3431,6072,6172,100
3432,5669,6382,713
3433,6375,6454,79
3434,137,1018,881
3435,1352,5179,3827
3436,1207,3566,2359
3437,5680,7166,1486
3438,3922,4999,1077
3439,7444,8209,765
3440,7465,7640,175
3441,4397,7327,2930
3442,2134,7371,5237
3443,6194,6642,448
3444,845,6350,5505
3445,3394,3649,255
3446,6585,8103,1518
3447,156,7408,7252
3448,534,6129,5595
3449,719,7219,6500
3450,3482,7331,3849
3451,6875,8105,1230
3452,7708,8396,688
3453,3816,4199,383
3454,5371,5574,203
3455,3574,5268,1694
3456,2924,6388,3464
3457,7680,8277,597
3458,2134,7557,5423
3459,3386,7371,3985
3460,5278,7322,2044
3461,6316,8051,1735
3462,1780,8002,6222
3463,5359,7712,2353
3464,679,1796,1117
3465,8027,8184,157
3466,7857,8013,156
3467,1498,2990,1492
3468,743,3145,2402
3469,3150,7721,4571
3470,6618,7258,640
3471,6685,7641,956
3472,7997,8002,5
3473,7325,7510,185
3474,6920,7948,1028
3475,131,1022,891
3476,4706,8085,3379
3477,803,6743,5940
3478,6367,7809,1442
3479,3767,4088,321
3480,3625,5993,2368
3481,939,8327,7388
3482,5899,6993,1094
3483,8242,8371,129
3484,2554,6368,3814
3485,2246,5923,3677
3486,689,7975,7286
3487,5326,7301,1975
3488,4960,6257,1297
3489,2040,4531,2491
3490,928,3830,2902
3491,7281,7582,301
3492,2833,6483,3650
3493,5276,6947,1671
3494,1588,4529,2941
3495,4496,8043,3547
3496,6888,8314,1426
3497,8322,8365,43
3498,4127,7348,3221
3499,8277,8310,33
3500,3022,4221,1199
3501,5532,7747,2215
3502,62,809,747
3503,2694,6553,3859
3504,3066,5535,2469
3505,2779,8151,5372
3506,2876,4853,1977
3507,2500,7492,4992
3508,252,1264,1012
3509,6564,7916,1352
3510,5363,5530,167
3511,8239,8377,138
3512,44,3207,3163
3513,6538,7080,542
3514,457,7064,6607
3515,1907,7685,5778
3516,5512,5560,48
3517,7054,7929,875
3518,3388,4950,1562
3519,1213,5038,3825
3520,7199,7914,715
3521,4617,8137,3520
3522,3492,7244,3752
3523,7939,8295,356
3524,2924,3459,535
3525,6377,7125,748
3526,7411,8075,664
3527,3172,4161,989
3528,3604,3649,45
3529,2009,3460,1451
3530,6473,7354,881
3531,5082,5688,606
3532,2605,2990,385
3533,405,8127,7722
3534,7823,8128,305
3535,5732,7063,1331
3536,1919,2627,708
3537,6321,7539,1218
3538,4277,5935,1658
3539,3749,7341,3592
3540,7721,7966,245
3541,3283,3621,338
3542,7334,7716,382
3543,4526,7874,3348
3544,7806,7852,46
3545,6444,7423,979
3546,3789,6312,2523
3547,386,2627,2241
3548,3484,5828,2344
3549,2413,8326,5913
3550,7111,8191,1080
3551,6623,7331,708
3552,4733,7424,2691
3553,7011,8148,1137
3554,1363,2336,973
3555,7246,7900,654
3556,6413,7130,717
3557,5775,7047,1272
3558,4317,5733,1416
3559,1750,6904,5154
3560,231,1148,917
3561,6829,8271,1442
3562,8354,8413,59
3563,3600,4155,555
3564,3268,6742,3474
3565,1825,6013,4188
3566,8094,8193,99
3567,6959,8275,1316
3568,3360,4118,758
3569,7269,8428,1159
3570,2842,8181,5339
3571,1583,1917,334
3572,8249,8356,107
3573,7821,8154,333
3574,3198,6466,3268
3575,1770,6650,4880
3576,3148,4943,1795
3577,2803,6989,4186
3578,3195,8316,5121
3579,1857,8096,6239
3580,6831,8345,1514
3581,3406,4249,843
3582,7420,7523,103
3583,8139,8387,248
3584,6540,7383,843
3585,4753,7133,2380
3586,532,1322,790
3587,1975,3862,1887
3588,914,6270,5356
3589,4947,6984,2037
3590,3683,4782,1099
3591,6596,6929,333
3592,4495,8172,3677
3593,8158,8411,253
3594,786,4075,3289
3595,1443,4289,2846
3596,6729,6758,29
3597,225,5296,5071
3598,3549,4925,1376
3599,5022,7337,2315
3600,3144,7837,4693
3601,8324,8370,46
3602,1513,1740,227
3603,371,559,188
3604,2486,2562,76
3605,2509,7916,5407
3606,169,2886,2717
3607,3855,4164,309
3608,6542,7010,468
3609,3844,6239,2395
3610,3907,6173,2266
3611,3401,8056,4655
3612,89,5459,5370
3613,7385,7430,45
3614,5826,8198,2372
3615,2023,6139,4116
3616,8370,8386,16
3617,3647,4760,1113
3618,8368,8382,14
3619,4865,6113,1248
3620,4775,8087,3312
3621,3615,6349,2734
3622,7095,8334,1239
3623,6354,7279,925
3624,5092,6699,1607
3625,627,3211,2584
3626,2736,4723,1987
3627,6104,7528,1424
3628,6864,7289,425
3629,5846,7941,2095
3630,5036,6819,1783
3631,484,5520,5036
3632,4778,6227,1449
3633,5417,7992,2575
3634,6441,7407,966
3635,7489,8329,840
3636,5258,7420,2162
3637,6783,6963,180
3638,8031,8347,316
3639,1651,6227,4576
3640,7573,7773,200
3641,1368,7357,5989
3642,470,3784,3314
3643,2699,3617,918
3644,7400,7605,205
3645,2540,4964,2424
3646,3314,6394,3080
3647,5555,5685,130
3648,429,6473,6044
3649,1599,3637,2038
3650,479,847,368
3651,1140,2209,1069
3652,5767,6776,1009
3653,6896,7842,946
3654,566,2486,1920
3655,1745,2920,1175
3656,2364,6623,4259
3657,2807,4233,1426
3658,4455,7522,3067
3659,1449,7850,6401
3660,5810,6950,1140
3661,7683,8183,500
3662,5763,7922,2159
3663,5397,6220,823
3664,1357,3190,1833
3665,1649,5521,3872
3666,4635,5796,1161
3667,4587,7361,2774
3668,472,2483,2011
3669,4787,7685,2898
3670,5907,6616,709
3671,1728,8054,6326
3672,7473,8166,693
3673,8070,8314,244
3674,448,4577,4129
3675,3167,4068,901
3676,2226,7452,5226
3677,1338,3024,1686
3678,4635,6948,2313
3679,3740,6322,2582
3680,5603,7403,1800
3681,1249,6174,4925
3682,1212,4912,3700
3683,6726,7602,876
3684,1704,2357,653
3685,5088,7582,2494
3686,6127,7573,1446
3687,2663,5946,3283
3688,7797,8366,569
3689,1461,7925,6464
3690,615,8240,7625
3691,3971,4702,731
3692,454,3793,3339
3693,6947,7877,930
3694,8236,8397,161
3695,3514,5331,1817
3696,3807,8383,4576
3697,74,1176,1102
3698,2798,4535,1737
3699,5712,6488,776
3700,7501,7863,362
3701,3938,5472,1534
3702,7415,7984,569
3703,4726,7491,2765
3704,6314,6353,39
3705,4760,7615,2855
3706,788,6472,5684
3707,1496,6988,5492
3708,2493,3397,904
3709,2873,4764,1891
3710,8392,8415,23
3711,8213,8358,145
3712,499,3886,3387
3713,1344,5257,3913
3714,471,5127,4656
3715,2473,5309,2836
3716,7611,8294,683
3717,1996,5301,3305
3718,391,5395,5004
3719,570,6999,6429
3720,3120,5954,2834
3721,5697,5743,46
3722,8359,8364,5
3723,509,922,413
3724,2196,2939,743
3725,6221,7575,1354
3726,276,6670,6394
3727,3025,7407,4382
3728,3265,7569,4304
3729,5076,6310,1234
3730,6792,7258,466
3731,2019,6268,4249
3732,4415,7992,3577
3733,8144,8422,278
3734,3613,4590,977
3735,5132,7286,2154
3736,3636,5948,2312
3737,4510,7034,2524
3738,4779,8271,3492
3739,683,5783,5100
3740,5252,7850,2598
3741,1779,2600,821
3742,5196,5779,583
3743,5335,7766,2431
3744,4065,4656,591
3745,5946,8319,2373
3746,381,1416,1035
3747,4649,7113,2464
3748,2232,8096,5864
3749,6767,7221,454
3750,6661,7767,1106
3751,7202,7924,722
3752,5612,5740,128
3753,2742,7316,4574
3754,2693,6843,4150
3755,7125,7577,452
3756,2907,5097,2190
3757,6600,8091,1491
3758,8212,8425,213
3759,4187,8386,4199
3760,2303,4209,1906
3761,6690,8390,1700
3762,1450,3534,2084
3763,5896,6643,747
3764,5080,5663,583
3765,7802,8173,371
3766,3255,8062,4807
3767,6117,6907,790
3768,6508,7348,840
3769,3325,3355,30
3770,806,7531,6725
3771,3785,8003,4218
3772,1883,7852,5969
3773,7019,7152,133
3774,5076,8148,3072
3775,6674,7900,1226
3776,1584,7278,5694
3777,1911,6349,4438
3778,3081,5143,2062
3779,3261,6143,2882
3780,4528,7694,3166
3781,1743,3216,1473
3782,2349,4514,2165
3783,3346,7482,4136
3784,5679,7820,2141
3785,829,2172,1343
3786,1163,4016,2853
3787,4390,8253,3863
3788,3117,5424,2307
3789,7366,8241,875
3790,1125,3836,2711
3791,7125,8097,972
3792,3918,5909,1991
3793,2733,4901,2168
3794,4272,7644,3372
3795,2125,2464,339
3796,1595,7381,5786
3797,7122,8376,1254
3798,126,6120,5994
3799,3383,3405,22
3800,8407,8411,4
3801,1277,8356,7079
3802,7182,7905,723
3803,7929,8102,173
3804,1113,4028,2915
3805,7977,8002,25
3806,7781,7952,171
3807,7201,8316,1115
3808,3627,5125,1498
3809,5189,8400,3211
3810,2464,5429,2965
3811,3111,3649,538
3812,1892,4045,2153
3813,7781,8374,593
3814,8217,8269,52
3815,4514,8244,3730
3816,5924,6362,438
3817,1883,2638,755
3818,6221,8171,1950
3819,3140,7062,3922
3820,637,1237,600
3821,4821,8216,3395
3822,942,2150,1208
3823,845,5199,4354
3824,6255,7065,810
3825,1380,2033,653
3826,5655,8316,2661
3827,6304,6543,239
3828,2545,3493,948
3829,8107,8421,314
3830,6361,6387,26
3831,7273,7425,152
3832,1361,7421,6060
3833,5111,7172,2061
3834,3368,4494,1126
3835,4910,5842,932
3836,2514,7904,5390
3837,1884,7017,5133
3838,427,4158,3731
3839,7716,8259,543
3840,2607,4626,2019
3841,1470,7878,6408
3842,8029,8148,119
3843,6870,7337,467
3844,8161,8410,249
3845,7624,8246,622
3846,6017,6528,511
3847,3923,7479,3556
3848,846,6944,6098
3849,5757,8395,2638
3850,2211,4551,2340
3851,3375,3474,99
3852,8369,8396,27
3853,7374,7623,249
3854,2008,3127,1119
3855,2828,5779,2951
3856,3500,3620,120
3857,1662,3796,2134
3858,6282,8015,1733
3859,3038,7284,4246
3860,6996,8183,1187
3861,7872,7936,64
3862,8120,8387,267
3863,2015,7656,5641
3864,5224,7025,1801
3865,1275,7482,6207
3866,7281,7468,187
3867,624,8000,7376
3868,5893,7617,1724
3869,3082,4877,1795
3870,7503,8179,676
3871,4835,7862,3027
3872,4279,5073,794
3873,4164,7698,3534
3874,2554,3773,1219
3875,3266,7935,4669
3876,355,4580,4225
3877,415,4918,4503
3878,2989,3523,534
3879,7485,8358,873
3880,2133,2199,66
3881,38,4600,4562
3882,2689,6846,4157
3883,1557,4264,2707
3884,2609,6484,3875
3885,6916,7381,465
3886,6811,7017,206
3887,891,1524,633
3888,65,4062,3997
3889,6580,7857,1277
3890,2966,4443,1477
3891,7155,7476,321
3892,8411,8427,16
3893,3304,7342,4038
3894,5837,6076,239
3895,30,2693,2663
3896,8161,8197,36
3897,5181,5599,418
3898,1914,5936,4022
3899,2712,2900,188
3900,1732,3945,2213
3901,3758,5679,1921
3902,5836,8310,2474
3903,6401,8120,1719
3904,2056,7194,5138
3905,1868,8063,6195
3906,2346,8299,5953
3907,7079,7608,529
3908,1322,6115,4793
3909,479,7849,7370
3910,4292,4744,452
3911,2101,5062,2961
3912,3087,3973,886
3913,5175,8307,3132
3914,7336,7794,458
3915,1873,6400,4527
3916,6801,7828,1027
3917,4701,5229,528
3918,8172,8364,192
3919,6393,8304,1911
3920,1720,5845,4125
3921,199,1131,932
3922,208,3281,3073
3923,3861,6999,3138
3924,7928,8048,120
3925,5806,6382,576
3926,816,1203,387
3927,5321,5868,547
3928,8090,8227,137
3929,324,1392,1068
3930,3957,6070,2113
3931,5033,6836,1803
3932,5641,5748,107
3933,5,6844,6839
3934,1829,3172,1343
3935,268,533,265
3936,7909,8409,500
3937,105,1958,1853
3938,6789,7779,990
3939,5421,7481,2060
3940,7235,8367,1132
3941,5037,8356,3319
3942,4719,5542,823
3943,4135,6538,2403
3944,5541,5681,140
3945,4144,4231,87
3946,3832,7905,4073
3947,3185,8348,5163
3948,1586,3202,1616
3949,1021,2874,1853
3950,597,7922,7325
3951,4824,7027,2203
3952,3300,8004,4704
3953,3738,6401,2663
3954,7527,8398,871
3955,6830,8246,1416
3956,2905,6587,3682
3957,5588,6155,567
3958,7320,7909,589
3959,4104,4425,321
3960,8152,8407,255
3961,1584,8427,6843
3962,3785,4295,510
3963,2905,4780,1875
3964,4784,6115,1331
3965,4111,5933,1822
3966,6026,6784,758
3967,6515,7162,647
3968,1122,6358,5236
3969,4887,5283,396
3970,7617,8422,805
3971,7429,8200,771
3972,3900,5901,2001
3973,681,1860,1179
3974,4400,6069,1669
3975,3451,7293,3842
3976,2551,2744,193
3977,4048,6927,2879
3978,7884,8008,124
3979,5509,7238,1729
3980,5282,6186,904
3981,762,2408,1646
3982,1803,1826,23
3983,1678,3113,1435
3984,5542,8361,2819
3985,6333,7993,1660
3986,7680,8400,720
3987,1931,4347,2416
3988,3491,3583,92
3989,754,1614,860
3990,2459,2831,372
3991,157,5973,5816
3992,8198,8233,35
3993,6094,8320,2226
3994,5318,5550,232
3995,5548,5606,58
3996,5535,5563,28
3997,1775,7914,6139
3998,6631,7770,1139
3999,3578,5409,1831
4000,5850,7449,1599
4001,2033,5348,3315
4002,2911,4351,1440
4003,5500,7545,2045
4004,4048,5583,1535
4005,7608,7983,375
4006,3407,3978,571
4007,7046,7534,488
4008,8080,8155,75
4009,1996,3608,1612
4010,3728,4916,1188
4011,5641,6947,1306
4012,5010,6505,1495
4013,6403,7232,829
4014,6578,6877,299
4015,1025,6244,5219
4016,5409,7139,1730
4017,8390,8410,20
4018,92,7682,7590
4019,460,3739,3279
4020,4775,7500,2725
4021,5059,7333,2274
4022,2636,3673,1037
4023,7615,7681,66
4024,5949,7991,2042
4025,5041,7032,1991
4026,7591,7894,303
4027,3906,5160,1254
4028,5039,7485,2446
4029,6915,7449,534
4030,420,499,79
4031,2291,3444,1153
4032,3590,4503,913
4033,7916,8204,288
4034,8050,8403,353
4035,7760,8276,516
4036,707,2247,1540
4037,8205,8280,75
4038,572,2379,1807
4039,6039,8258,2219
4040,2499,5580,3081
4041,6230,7602,1372
4042,2110,4007,1897
4043,7021,7238,217
4044,2156,7050,4894
4045,5739,7340,1601
4046,3881,4077,196
4047,94,2502,2408
4048,5153,5610,457
4049,5217,6087,870
4050,6816,7891,1075
4051,4113,7578,3465
4052,8396,8416,20
4053,7995,8156,161
4054,3317,4622,1305
4055,806,8131,7325
4056,3309,7387,4078
4057,7271,7331,60
4058,6412,7660,1248
4059,7316,8254,938
4060,786,2861,2075
4061,3038,5194,2156
4062,7323,8423,1100
4063,656,1311,655
4064,7902,8398,496
4065,513,2889,2376
4066,4956,6062,1106
4067,1974,3241,1267
4068,6260,8145,1885
4069,6843,8102,1259
4070,6203,7172,969
4071,4011,7045,3034
4072,2882,5462,2580
4073,4524,5590,1066
4074,6693,7219,526
4075,4437,5078,641
4076,264,5361,5097
4077,1693,8207,6514
4078,2317,6712,4395
4079,6438,7281,843
4080,5312,6500,1188
4081,3679,4900,1221
4082,2117,6576,4459
4083,5664,7499,1835
4084,6024,7401,1377
4085,531,8253,7722
4086,4494,7352,2858
4087,6340,6386,46
4088,1163,6649,5486
4089,5711,6618,907
4090,4415,5326,911
4091,3009,7603,4594
4092,4930,7037,2107
4093,7252,8118,866
4094,517,5568,5051
4095,6992,7250,258
4096,6570,6735,165
4097,4948,6926,1978
4098,3365,5564,2199
4099,6862,7252,390
4100,1929,4824,2895
4101,3459,3963,504
4102,5695,7602,1907
4103,3942,6171,2229
4104,2413,4528,2115
4105,716,4376,3660
4106,3382,3424,42
4107,8382,8411,29
4108,2026,7353,5327
4109,4435,6682,2247
4110,6968,6973,5
4111,1386,7210,5824
4112,7718,8245,527
4113,1643,1992,349
4114,957,3572,2615
4115,2984,4849,1865
4116,2842,4065,1223
4117,8035,8165,130
4118,258,527,269
4119,6193,7635,1442
4120,416,4942,4526
4121,6520,7543,1023
4122,5767,6960,1193
4123,3057,5957,2900
4124,1359,6959,5600
4125,1090,2600,1510
4126,6674,8368,1694
4127,183,2738,2555
4128,7839,8423,584
4129,5082,5705,623
4130,8314,8426,112
4131,3206,7065,3859
4132,4467,6342,1875
4133,2558,5566,3008
4134,5056,5385,329
4135,1360,3703,2343
4136,1676,8097,6421
4137,5276,7166,1890
4138,4718,7391,2673
4139,5698,8110,2412
4140,3313,5096,1783
4141,8042,8352,310
4142,977,1167,190
4143,1586,5047,3461
4144,3238,7054,3816
4145,1080,1805,725
4146,446,7172,6726
4147,378,979,601
4148,6900,7815,915
4149,6672,8095,1423
4150,3850,4786,936
4151,1701,8360,6659
4152,378,536,158
4153,3200,5529,2329
4154,4962,7404,2442
4155,6756,6947,191
4156,5318,5994,676
4157,5178,7802,2624
4158,4266,5561,1295
4159,5659,7515,1856
4160,7538,8375,837
4161,4720,8074,3354
4162,2797,5648,2851
4163,1510,5668,4158
4164,6503,7329,826
4165,4861,6804,1943
4166,820,3620,2800
4167,5371,7253,1882
4168,1939,7494,5555
4169,7291,8210,919
4170,8282,8338,56
4171,72,6436,6364
4172,7218,7903,685
4173,1352,6342,4990
4174,8062,8333,271
4175,1309,2753,1444
4176,5189,6645,1456
4177,5470,5596,126
4178,7210,7817,607
4179,6000,8350,2350
4180,6725,7312,587
4181,5134,6534,1400
4182,2467,4155,1688
4183,2022,7679,5657
4184,1318,2689,1371
4185,3496,7095,3599
4186,3027,8109,5082
4187,6732,7196,464
4188,7332,7519,187
4189,3779,6925,3146
4190,7460,7775,315
4191,3991,6224,2233
4192,4,3993,3989
4193,7738,7987,249
4194,3201,3825,624
4195,7487,7885,398
4196,4398,6311,1913
4197,1650,5927,4277
4198,8124,8145,21
4199,1154,8233,7079
4200,5030,7741,2711
4201,7146,7496,350
4202,997,8299,7302
4203,6665,7516,851
4204,5443,8399,2956
4205,477,4169,3692
4206,1576,5673,4097
4207,6250,7455,1205
4208,2537,3019,482
4209,5220,6297,1077
4210,2164,2475,311
4211,3823,7180,3357
4212,5101,6233,1132
4213,7032,7752,720
4214,7862,8323,461
4215,8422,8424,2
4216,5461,5838,377
4217,8019,8364,345
4218,395,6934,6539
4219,5286,5772,486
4220,1769,2643,874
4221,3988,7546,3558
4222,3146,3261,115
4223,7203,8307,1104
4224,5578,7178,1600
4225,4734,7374,2640
4226,8322,8330,8
4227,6537,7026,489
4228,2612,7701,5089
4229,5328,8103,2775
4230,2616,7884,5268
4231,6486,6689,203
4232,2662,5122,2460
4233,6140,7385,1245
4234,724,5083,4359
4235,5142,6366,1224
4236,4317,5501,1184
4237,2806,4341,1535
4238,5539,6220,681
4239,3650,5607,1957
4240,2809,4184,1375
4241,3744,5591,1847
4242,855,5833,4978
4243,8009,8099,90
4244,8191,8424,233
4245,1814,2852,1038
4246,4392,6821,2429
4247,7318,7528,210
4248,2894,6617,3723
4249,2605,5998,3393
4250,393,7052,6659
4251,5747,5910,163
4252,8070,8289,219
4253,7917,8038,121
4254,1930,2845,915
4255,13,4707,4694
4256,2045,8399,6354
4257,6732,6853,121
4258,4846,7061,2215
4259,5156,7391,2235
4260,6084,7673,1589
4261,4233,5840,1607
4262,8278,8288,10
4263,156,5667,5511
4264,4441,5958,1517
4265,7447,7450,3
4266,4027,6734,2707
4267,3444,4947,1503
4268,7448,8240,792
4269,920,7507,6587
4270,1749,4827,3078
4271,4084,6847,2763
4272,2278,8399,6121
4273,7040,7368,328
4274,205,1481,1276
4275,1829,2285,456
4276,5069,5250,181
4277,3959,7088,3129
4278,8301,8303,2
4279,1419,6531,5112
4280,1987,3060,1073
4281,4793,6534,1741
4282,7521,8115,594
4283,7818,8018,200
4284,2607,6718,4111
4285,3536,6097,2561
4286,1797,6698,4901
4287,1214,1712,498
4288,4882,7699,2817
4289,6838,8190,1352
4290,2248,7712,5464
4291,3380,4367,987
4292,3207,6149,2942
4293,5963,6804,841
4294,810,4857,4047
4295,5779,7908,2129
4296,1745,5726,3981
4297,6694,7602,908
4298,7381,7938,557
4299,1991,6729,4738
4300,3752,4679,927
4301,1526,4545,3019
4302,5013,6866,1853
4303,6671,7333,662
4304,2946,5608,2662
4305,3443,6498,3055
4306,6021,6771,750
4307,7363,8344,981
4308,7433,7754,321
4309,7488,7650,162
4310,6085,7401,1316
4311,994,2151,1157
4312,1960,4837,2877
4313,314,3483,3169
4314,1234,3705,2471
4315,6344,7091,747
4316,2176,3419,1243
4317,1328,7209,5881
4318,6664,7710,1046
4319,3551,7775,4224
4320,3006,5888,2882
4321,432,6620,6188
4322,8088,8141,53
4323,6868,6982,114
4324,5740,6302,562
4325,8191,8283,92
4326,5325,6286,961
4327,2903,6865,3962
4328,8071,8323,252
4329,2352,6734,4382
4330,5391,5514,123
4331,44,6804,6760
4332,2227,2417,190
4333,3621,8019,4398
4334,7818,8009,191
4335,4611,7333,2722
4336,1283,2532,1249
4337,108,3319,3211
4338,7067,7808,741
4339,2893,4688,1795
4340,3570,5367,1797
4341,1379,3333,1954
4342,893,5568,4675
4343,6820,7823,1003
4344,165,6255,6090
4345,6904,8264,1360
4346,3170,4700,1530
4347,4829,5353,524
4348,8263,8420,157
4349,4730,6810,2080
4350,3785,6361,2576
4351,2201,6840,4639
4352,6761,7526,765
4353,8305,8344,39
4354,2185,2214,29
4355,2808,7029,4221
4356,6646,6735,89
4357,6218,7421,1203
4358,1560,6964,5404
4359,7626,7894,268
4360,462,7552,7090
4361,145,8028,7883
4362,4010,8064,4054
4363,5076,5624,548
4364,6315,7561,1246
4365,3486,7777,4291
4366,7899,8159,260
4367,7041,7172,131
4368,4636,7248,2612
4369,1530,5842,4312
4370,6053,7676,1623
4371,7213,7963,750
4372,6550,6726,176
4373,7129,8114,985
4374,2181,2671,490
4375,2888,7831,4943
4376,1093,3330,2237
4377,1902,7173,5271
4378,8398,8425,27
4379,7801,7940,139
4380,7634,8351,717
4381,1554,1822,268
4382,5103,6007,904
4383,391,6715,6324
4384,5616,5935,319
4385,307,6209,5902
4386,306,2475,2169
4387,6771,8158,1387
4388,5034,8006,2972
4389,4730,5113,383
4390,2473,5494,3021
4391,4522,8205,3683
4392,1519,1831,312
4393,6507,6682,175
4394,6179,7494,1315
4395,6875,8277,1402
4396,1002,5522,4520
4397,6541,8279,1738
4398,6849,7175,326
4399,546,6819,6273
4400,5574,6196,622
4401,5198,5851,653
4402,6084,7030,946
4403,4947,5353,406
4404,3462,7962,4500
4405,5321,7161,1840
4406,4798,7172,2374
4407,3070,5625,2555
4408,6266,7383,1117
4409,3200,5929,2729
4410,683,2804,2121
4411,846,850,4
4412,4406,5695,1289
4413,3943,4978,1035
4414,6394,8051,1657
4415,3448,6717,3269
4416,6568,7891,1323
4417,4453,4925,472
4418,7620,7666,46
4419,479,8113,7634
4420,735,7678,6943
4421,1401,6675,5274
4422,6655,6957,302
4423,7209,7467,258
4424,3644,7297,3653
4425,101,8166,8065
4426,692,5115,4423
4427,5452,6273,821
4428,6677,8282,1605
4429,4793,5686,893
4430,8009,8208,199
4431,6743,7501,758
4432,6038,7189,1151
4433,7403,8360,957
4434,2329,5574,3245
4435,4812,6203,1391
4436,1281,4674,3393
4437,7473,8155,682
4438,8355,8400,45
4439,624,5782,5158
4440,3332,7286,3954
4441,7829,8007,178
4442,4429,6922,2493
4443,4042,7231,3189
4444,6987,7290,303
4445,7967,8230,263
4446,8331,8387,56
4447,1229,7388,6159
4448,1418,4957,3539
4449,3755,7342,3587
4450,4966,5283,317
4451,73,2639,2566
4452,6806,7406,600
4453,2689,4549,1860
4454,1463,6181,4718
4455,7476,8163,687
4456,3398,4469,1071
4457,7980,8223,243
4458,516,4383,3867
4459,5272,8262,2990
4460,64,4894,4830
4461,5392,6092,700
4462,5279,8134,2855
4463,5348,5758,410
4464,5970,6721,751
4465,1913,3332,1419
4466,4875,6378,1503
4467,3983,6402,2419
4468,2003,4610,2607
4469,5096,5851,755
4470,7324,7617,293
4471,7738,8172,434
4472,5313,6859,1546
4473,7994,8370,376
4474,3659,7172,3513
4475,6112,7133,1021
4476,2134,2774,640
4477,749,4741,3992
4478,7028,7815,787
4479,7155,7530,375
4480,166,5920,5754
4481,8397,8416,19
4482,4780,7809,3029
4483,1896,3747,1851
4484,2089,3867,1778
4485,1451,7466,6015
4486,7217,8389,1172
4487,5851,5898,47
4488,1683,7142,5459
4489,5805,6972,1167
4490,6983,8158,1175
4491,5123,7752,2629
4492,4027,4561,534
4493,4140,4575,435
4494,4845,5636,791
4495,4590,7069,2479
4496,3259,7323,4064
4497,5755,7981,2226
4498,1539,4662,3123
4499,5629,6594,965
4500,7512,7842,330
4501,574,6782,6208
4502,690,1386,696
4503,2635,6981,4346
4504,7993,8206,213
4505,2394,3364,970
4506,458,536,78
4507,5622,7125,1503
4508,3615,5883,2268
4509,1590,6307,4717
4510,8337,8356,19
4511,6068,6563,495
4512,3060,3767,707
4513,2395,6891,4496
4514,7135,8095,960
4515,6572,6906,334
4516,3596,8174,4578
4517,7350,7830,480
4518,7586,8037,451
4519,2908,7414,4506
4520,2952,6998,4046
4521,6735,7705,970
4522,4281,8235,3954
4523,4993,6871,1878
4524,4227,5001,774
4525,3962,6065,2103
4526,2308,6564,4256
4527,4509,4711,202
4528,8309,8336,27
4529,1232,3225,1993
4530,7003,8056,1053
4531,8242,8339,97
4532,2378,7095,4717
4533,581,913,332
4534,6209,6559,350
4535,5428,6875,1447
4536,4111,5818,1707
4537,5763,6682,919
4538,679,1002,323
4539,197,8427,8230
4540,802,6737,5935
4541,5825,8231,2406
4542,5451,6987,1536
4543,7182,8320,1138
4544,2471,6047,3576
4545,2142,6233,4091
4546,5870,6203,333
4547,695,6685,5990
4548,1435,1921,486
4549,3053,6518,3465
4550,6143,7841,1698
4551,5652,6484,832
4552,7841,8140,299
4553,2509,3553,1044
4554,1453,4936,3483
4555,8051,8219,168
4556,8357,8389,32
4557,7742,8225,483
4558,2247,6121,3874
4559,5443,8170,2727
4560,6874,7584,710
4561,1427,6983,5556
4562,5143,5753,610
4563,6585,7170,585
4564,3320,8086,4766
4565,6136,6420,284
4566,6339,6575,236
4567,1025,1140,115
4568,2792,6843,4051
4569,2139,8188,6049
4570,13,8168,8155
4571,2667,7916,5249
4572,4957,7489,2532
4573,825,6699,5874
4574,1956,4540,2584
4575,4472,4760,288
4576,4457,7284,2827
4577,7978,8338,360
4578,609,1963,1354
4579,6191,6677,486
4580,1959,3028,1069
4581,7671,8166,495
4582,1900,6762,4862
4583,6038,7012,974
4584,2336,3872,1536
4585,1088,7356,6268
4586,7160,7658,498
4587,5407,8323,2916
4588,8266,8331,65
4589,3569,6430,2861
4590,1290,6622,5332
4591,5762,5990,228
4592,6853,7366,513
4593,1373,7839,6466
4594,311,724,413
4595,5545,7872,2327
4596,3377,5822,2445
4597,1302,6406,5104
4598,8264,8420,156
4599,478,7445,6967
4600,6506,7994,1488
4601,3237,6771,3534
4602,2108,7795,5687
4603,2525,2621,96
4604,4272,8191,3919
4605,3363,8330,4967
4606,4295,8390,4095
4607,713,7736,7023
4608,3152,4517,1365
4609,2272,7368,5096
4610,6130,8330,2200
4611,7957,8232,275
4612,2791,3727,936
4613,628,3535,2907
4614,2826,3735,909
4615,2823,5620,2797
4616,2282,3240,958
4617,5173,5206,33
4618,2575,8251,5676
4619,3018,8394,5376
4620,647,1370,723
4621,5165,7267,2102
4622,3881,8168,4287
4623,946,1091,145
4624,6573,8418,1845
4625,6226,8182,1956
4626,5965,8052,2087
4627,7496,7628,132
4628,8269,8426,157
4629,6246,6467,221
4630,3434,7479,4045
4631,4368,7697,3329
4632,2812,4027,1215
4633,3113,4174,1061
4634,6545,6796,251
4635,2634,6572,3938
4636,4753,7050,2297
4637,1700,4438,2738
4638,7793,8277,484
4639,7581,8106,525
4640,1305,6796,5491
4641,6947,7872,925
4642,1225,7038,5813
4643,123,7192,7069
4644,3574,5336,1762
4645,3177,6511,3334
4646,7827,7878,51
4647,7141,7430,289
4648,493,551,58
4649,7576,8201,625
4650,922,4216,3294
4651,6086,7899,1813
4652,1722,4821,3099
4653,3539,4663,1124
4654,5593,5842,249
4655,4270,4376,106
4656,6597,6727,130
4657,5915,6204,289
4658,4998,7085,2087
4659,5592,6449,857
4660,1833,2959,1126
4661,4433,8227,3794
4662,864,3584,2720
4663,3071,3301,230
4664,1555,5520,3965
4665,5854,8076,2222
4666,4145,4267,122
4667,4116,5851,1735
4668,5172,6173,1001
4669,7418,8072,654
4670,1640,5093,3453
4671,2289,4893,2604
4672,1390,2432,1042
4673,6851,8304,1453
4674,4238,7045,2807
4675,70,6531,6461
4676,6670,7099,429
4677,4644,5414,770
4678,7010,7833,823
4679,2846,6604,3758
4680,2840,4663,1823
4681,4304,6565,2261
4682,1944,6020,4076
4683,1271,2120,849
4684,3246,4908,1662
4685,3059,5376,2317
4686,8120,8232,112
4687,4139,6314,2175
4688,3217,7957,4740
4689,3540,4566,1026
4690,4418,5237,819
4691,330,972,642
4692,7479,7888,409
4693,7132,7813,681
4694,777,7570,6793
4695,8288,8405,117
4696,4795,7523,2728
4697,1988,8034,6046
4698,4847,5103,256
4699,130,767,637
4700,7951,7964,13
4701,3494,5068,1574
4702,5076,8119,3043
4703,6132,6616,484
4704,7144,7810,666
4705,2380,7908,5528
4706,1660,2802,1142
4707,5898,8413,2515
4708,2441,7045,4604
4709,6280,6746,466
4710,6608,7010,402
4711,3246,4866,1620
4712,2882,3324,442
4713,2563,7107,4544
4714,6614,7485,871
4715,1815,5543,3728
4716,6179,6841,662
4717,2712,6811,4099
4718,4483,6516,2033
4719,1880,7034,5154
4720,7536,7840,304
4721,2570,2599,29
4722,1854,6719,4865
4723,7136,7361,225
4724,867,5054,4187
4725,7224,7388,164
4726,7814,7910,96
4727,1153,4962,3809
4728,7734,7873,139
4729,342,1524,1182
4730,3323,5708,2385
4731,6691,7731,1040
4732,905,1291,386
4733,4056,6799,2743
4734,313,4892,4579
4735,1278,6121,4843
4736,5854,6046,192
4737,4363,5185,822
4738,6338,6364,26
4739,7097,7262,165
4740,5500,5575,75
4741,6298,6952,654
4742,4772,5858,1086
4743,3238,6426,3188
4744,6675,7850,1175
4745,7531,7735,204
4746,2846,7459,4613
4747,1828,5271,3443
4748,2915,5973,3058
4749,6256,8286,2030
4750,448,2249,1801
4751,428,3333,2905
4752,3968,4111,143
4753,6366,6558,192
4754,8201,8358,157
4755,6680,8089,1409
4756,4478,8075,3597
4757,2711,4715,2004
4758,3024,6597,3573
4759,4134,4190,56
4760,1719,2111,392
4761,7540,8142,602
4762,527,7480,6953
4763,8079,8248,169
4764,2806,7519,4713
4765,7797,8265,468
4766,1337,4361,3024
4767,6731,7225,494
4768,1836,5368,3532
4769,7352,8408,1056
4770,1505,4703,3198
4771,6650,7791,1141
4772,4389,7264,2875
4773,5237,5469,232
4774,7146,7458,312
4775,1115,4869,3754
4776,4977,6202,1225
4777,7059,8346,1287
4778,4573,8024,3451
4779,6414,7174,760
4780,611,6228,5617
4781,3278,8155,4877
4782,3188,6148,2960
4783,1310,3285,1975
4784,2948,4173,1225
4785,1258,3327,2069
4786,3118,7043,3925
4787,7842,8154,312
4788,682,7150,6468
4789,2322,7641,5319
4790,5773,6140,367
4791,4413,5565,1152
4792,3112,7002,3890
4793,718,3114,2396
4794,7525,7852,327
4795,6742,8159,1417
4796,8213,8216,3
4797,7089,8036,947
4798,4570,5746,1176
4799,2033,4639,2606
4800,8266,8374,108
4801,7127,8312,1185
4802,4403,6384,1981
4803,522,6173,5651
4804,2323,6410,4087
4805,1681,6805,5124
4806,2955,7999,5044
4807,3556,4547,991
4808,4443,7448,3005
4809,5409,7733,2324
4810,4938,6676,1738
4811,8338,8371,33
4812,6883,7751,868
4813,1583,6643,5060
4814,5862,6235,373
4815,4673,6050,1377
4816,5094,5481,387
4817,5734,7128,1394
4818,5662,6506,844
4819,6557,7475,918
4820,2748,6136,3388
4821,3719,8115,4396
4822,3556,7936,4380
4823,1908,6941,5033
4824,998,1393,395
4825,6533,6545,12
4826,3335,6691,3356
4827,4464,5423,959
4828,6050,7216,1166
4829,4271,6775,2504
4830,6618,7207,589
4831,1027,1096,69
4832,86,4780,4694
4833,7996,8319,323
4834,6705,7529,824
4835,7979,8165,186
4836,7289,7384,95
4837,5567,5902,335
4838,3328,5710,2382
4839,1062,7395,6333
4840,4952,6512,1560
4841,5435,8257,2822
4842,3473,6514,3041
4843,7801,7941,140
4844,170,6481,6311
4845,7969,8125,156
4846,2991,6933,3942
4847,3328,6752,3424
4848,6248,7338,1090
4849,3194,8398,5204
4850,1479,1695,216
4851,1411,8251,6840
4852,7072,7845,773
4853,5427,6536,1109
4854,1196,4686,3490
4855,148,849,701
4856,3265,5103,1838
4857,3889,6586,2697
4858,2553,3406,853
4859,2263,6165,3902
4860,8140,8410,270
4861,786,3163,2377
4862,599,7016,6417
4863,6207,7050,843
4864,5998,6635,637
4865,211,2672,2461
4866,5480,6693,1213
4867,6215,6284,69
4868,7514,8026,512
4869,1131,3549,2418
4870,5808,5971,163
4871,849,7545,6696
4872,3192,4588,1396
4873,4629,6376,1747
4874,6875,7736,861
4875,5539,6745,1206
4876,683,7482,6799
4877,3176,7024,3848
4878,7691,7789,98
4879,7065,7912,847
4880,1230,6019,4789
4881,6084,8378,2294
4882,3132,6038,2906
4883,2210,3720,1510
4884,3206,5554,2348
4885,8133,8277,144
4886,7637,7832,195
4887,4444,6503,2059
4888,4811,6755,1944
4889,379,964,585
4890,8198,8310,112
4891,5046,7658,2612
4892,4359,4477,118
4893,5428,8283,2855
4894,3675,7263,3588
4895,823,8201,7378
4896,3292,6412,3120
4897,6394,6477,83
4898,7482,7504,22
4899,694,1223,529
4900,2057,3901,1844
4901,3171,4524,1353
4902,2207,5388,3181
4903,7889,8396,507
4904,8151,8191,40
4905,5305,5957,652
4906,5442,7150,1708
4907,2830,5372,2542
4908,7068,8164,1096
4909,3129,7372,4243
4910,2309,5439,3130
4911,3520,8152,4632
4912,3600,4361,761
4913,4976,5249,273
4914,6626,7374,748
4915,1152,1594,442
4916,3737,7273,3536
4917,8415,8417,2
4918,561,4590,4029
4919,585,4898,4313
4920,5962,6083,121
4921,2570,6470,3900
4922,8200,8316,116
4923,7158,7565,407
4924,8189,8241,52
4925,4135,4495,360
4926,7260,8134,874
4927,734,7288,6554
4928,5201,7526,2325
4929,3340,4238,898
4930,4882,5711,829
4931,6050,7935,1885
4932,6272,7275,1003
4933,5181,5934,753
4934,4121,4779,658
4935,5751,7789,2038
4936,1159,3112,1953
4937,7986,8161,175
4938,7232,8347,1115
4939,3502,5035,1533
4940,4406,5185,779
4941,4300,6514,2214
4942,7652,8182,530
4943,2213,2519,306
4944,4891,5841,950
4945,3005,3563,558
4946,5886,6690,804
4947,2040,7374,5334
4948,283,3757,3474
4949,1865,8200,6335
4950,7836,8191,355
4951,5203,7934,2731
4952,3788,8001,4213
4953,117,5823,5706
4954,4411,8140,3729
4955,7625,8020,395
4956,6510,7747,1237
4957,2804,3659,855
4958,5503,5866,363
4959,3768,7735,3967
4960,2370,5935,3565
4961,1971,3547,1576
4962,4856,7327,2471
4963,4021,5985,1964
4964,5788,8179,2391
4965,7664,7784,120
4966,5137,5937,800
4967,4251,7766,3515
4968,636,3865,3229
4969,6215,6750,535
4970,7818,8244,426
4971,4348,5863,1515
4972,3174,4761,1587
4973,1816,5638,3822
4974,5783,5834,51
4975,742,7618,6876
4976,8345,8395,50
4977,3301,7911,4610
4978,3203,4073,870
4979,2143,4954,2811
4980,6967,7628,661
4981,543,4440,3897
4982,3454,5685,2231
4983,6682,7252,570
4984,2244,7261,5017
4985,8310,8314,4
4986,6566,7823,1257
4987,1871,5033,3162
4988,4729,6091,1362
4989,1739,7255,5516
4990,1254,3684,2430
4991,2216,3794,1578
4992,7284,7429,145
4993,7711,7937,226
4994,3536,5354,1818
4995,1512,2940,1428
4996,2685,7746,5061
4997,2378,4212,1834
4998,2965,3003,38
4999,6106,8207,2101
